0.00409539 0.0528716 0.0125092 0.930524 
0.0346832 0.350619 0.0336666 0.581031 
0.017604 0.76534 0.0663648 0.150691 
0.0242113 0.637018 0.0854032 0.253368 
0.0183097 0.816689 0.10565 0.0593517 
0.0517933 0.360057 0.396412 0.191737 
0.0109756 0.321405 0.0335044 0.634115 
0.0738668 0.45378 0.367598 0.104756 
0.00759026 0.302209 0.025004 0.665197 
0.00394248 0.0504932 0.0120081 0.933556 
0.015935 0.347596 0.579614 0.0568555 
0.00731584 0.141716 0.0220642 0.828904 
0.0319419 0.484777 0.0388961 0.444385 
0.0041259 0.0540947 0.012573 0.929206 
0.0167603 0.349793 0.514642 0.118805 
0.0209933 0.627651 0.148972 0.202384 
0.00581891 0.104212 0.0180965 0.871873 
0.00492553 0.0759309 0.0152278 0.903916 
0.0203956 0.795194 0.0508836 0.133527 
0.0227723 0.351898 0.0382147 0.587115 
0.0164869 0.137966 0.0416142 0.803933 
0.0241759 0.629328 0.172989 0.173507 
0.0143072 0.515776 0.399834 0.0700823 
0.0101284 0.187955 0.02118 0.780737 
0.0229867 0.772776 0.140427 0.0638103 
0.0155018 0.277392 0.0318368 0.675269 
0.0103908 0.284991 0.0314879 0.67313 
0.00957564 0.166127 0.0214506 0.802846 
0.0200982 0.0901173 0.834211 0.0555735 
0.0259496 0.348047 0.079608 0.546395 
0.0166847 0.570396 0.0415697 0.371349 
0.0252092 0.19238 0.662098 0.120313 
0.0119355 0.0875214 0.847342 0.0532011 
0.00519417 0.0748151 0.0199053 0.900085 
0.0073922 0.291153 0.0226639 0.678791 
0.0219591 0.367286 0.0417169 0.569038 
0.0737986 0.522964 0.217779 0.185459 
0.00672365 0.209224 0.0204888 0.763563 
0.00805056 0.103751 0.0211919 0.867006 
0.0060481 0.113329 0.0199821 0.860641 
0.00773879 0.281838 0.0229499 0.687473 
0.00595936 0.15639 0.0193092 0.818342 
0.0132844 0.599003 0.0503986 0.337314 
0.015303 0.504678 0.417941 0.0620783 
0.0276066 0.646095 0.108262 0.218037 
0.0178271 0.363866 0.551982 0.0663244 
0.0425012 0.182704 0.68372 0.0910755 
0.0372956 0.653306 0.0986493 0.210749 
0.0135386 0.707318 0.0519359 0.227207 
0.0507422 0.555409 0.22783 0.166019 
0.00854936 0.35724 0.0273815 0.60683 
0.00652326 0.108721 0.0223667 0.862389 
0.00420931 0.0526586 0.0127056 0.930427 
0.0081102 0.216871 0.0228581 0.752161 
0.013485 0.18396 0.744381 0.0581733 
0.00997345 0.453247 0.0372156 0.499564 
0.00994896 0.402576 0.0326051 0.554869 
0.00664311 0.151347 0.0204524 0.821558 
0.0062592 0.117846 0.0186984 0.857196 
0.0188345 0.344138 0.581128 0.0558992 
0.0147626 0.137449 0.789947 0.0578413 
0.0160762 0.594883 0.334052 0.0549895 
0.0225273 0.725182 0.133853 0.118438 
0.0145821 0.159954 0.754311 0.0711526 
0.0142399 0.540664 0.0429072 0.402189 
0.0142742 0.643126 0.0633462 0.279254 
0.0428869 0.502035 0.111245 0.343833 
0.0257112 0.610304 0.134402 0.229583 
0.00911135 0.286729 0.0288318 0.675328 
0.0578904 0.596469 0.0678271 0.277814 
0.00433934 0.0667721 0.0132056 0.915683 
0.00950426 0.27944 0.0267875 0.684268 
0.00413293 0.0564726 0.0126941 0.9267 
0.0491917 0.258894 0.568661 0.123252 
0.0953226 0.165234 0.66736 0.0720841 
0.0109277 0.336647 0.055629 0.596796 
0.0689875 0.721898 0.107742 0.101372 
0.0211563 0.554619 0.110102 0.314123 
0.00557633 0.126151 0.0167621 0.85151 
0.00587 0.0949373 0.01631 0.882883 
0.00400518 0.0504374 0.0121783 0.933379 
0.0184337 0.636565 0.0925699 0.252432 
0.0209941 0.55301 0.324736 0.10126 
0.0167092 0.853722 0.0615339 0.0680345 
0.0143237 0.511529 0.0453203 0.428827 
0.0187178 0.206603 0.028003 0.746676 
0.0446136 0.648905 0.201809 0.104673 
0.0192468 0.845244 0.0556985 0.0798107 
0.0538932 0.354035 0.43866 0.153412 
0.0346098 0.648519 0.186642 0.13023 
0.0131196 0.1192 0.812062 0.0556191 
0.0176568 0.72279 0.0654242 0.194129 
0.0299052 0.650794 0.20171 0.117591 
0.00590394 0.114619 0.0169773 0.8625 
0.0168875 0.38096 0.128076 0.474076 
0.0196675 0.563586 0.334995 0.0817519 
0.00382764 0.0464829 0.011667 0.938022 
0.021558 0.294194 0.0349085 0.64934 
0.00542157 0.126793 0.0167216 0.851064 
0.0227689 0.436121 0.475336 0.0657742 
0.0161985 0.524671 0.0360834 0.423047 
0.00996782 0.189484 0.0282272 0.772321 
0.0188318 0.63741 0.0796867 0.264071 
0.0256654 0.586454 0.0525798 0.335301 
0.00656932 0.19596 0.0199361 0.777534 
0.0110855 0.0964635 0.841131 0.0513202 
0.00690031 0.218129 0.0216275 0.753343 
0.0063945 0.10663 0.0187098 0.868266 
0.0101215 0.590875 0.0314482 0.367555 
0.00909202 0.497854 0.0281029 0.464951 
0.0191056 0.741201 0.190437 0.0492568 
0.00389362 0.0476193 0.012102 0.936385 
0.00574689 0.0784322 0.0167904 0.89903 
0.00510153 0.0969482 0.0165967 0.881354 
0.0077015 0.376825 0.0242273 0.591246 
0.0419545 0.676307 0.199017 0.082721 
0.0050912 0.0740858 0.0144764 0.906347 
0.00730192 0.233332 0.0216331 0.737733 
0.0171954 0.39115 0.0553267 0.536327 
0.0145367 0.245198 0.215722 0.524544 
0.0101418 0.262028 0.0289948 0.698836 
0.0132355 0.175147 0.743662 0.0679551 
0.0069635 0.0874531 0.017101 0.888482 
0.00759172 0.121542 0.0196663 0.8512 
0.0135782 0.330163 0.0431568 0.613102 
0.0146522 0.126936 0.790739 0.0676727 
0.00602636 0.1515 0.0201939 0.82228 
0.00403774 0.0513171 0.0122327 0.932412 
0.00742906 0.189592 0.0273949 0.775585 
0.0182328 0.813151 0.0594084 0.109208 
0.0100341 0.464422 0.0278662 0.497677 
0.0050729 0.110052 0.0156486 0.869226 
0.00777078 0.164303 0.0198072 0.808119 
0.00877463 0.456235 0.0353078 0.499682 
0.00989263 0.091654 0.852758 0.045695 
0.00674692 0.219976 0.0199146 0.753362 
0.00526328 0.107475 0.0159775 0.871284 
0.00609211 0.188683 0.0187417 0.786483 
0.00492929 0.0735606 0.0146736 0.906837 
0.0176964 0.372055 0.0468193 0.563429 
0.0566193 0.723163 0.0544036 0.165814 
0.00456693 0.0738249 0.0140218 0.907586 
0.0192952 0.624816 0.278211 0.0776777 
0.00417035 0.056424 0.0131525 0.926253 
0.00780147 0.177838 0.0219991 0.792361 
0.00966314 0.159051 0.0202597 0.811026 
0.0352087 0.464897 0.278833 0.221061 
0.00425736 0.0553727 0.0125057 0.927864 
0.00531624 0.0871887 0.0170358 0.890459 
0.0068699 0.254499 0.0207465 0.717885 
0.00602042 0.118527 0.0175078 0.857945 
0.00437645 0.059891 0.0141684 0.921564 
0.00461835 0.0755568 0.0139574 0.905867 
0.00866906 0.434449 0.0261795 0.530702 
0.00725645 0.228633 0.0218155 0.742295 
0.0449494 0.510796 0.305841 0.138413 
0.0203613 0.506611 0.377662 0.0953659 
0.0191098 0.127506 0.786303 0.0670809 
0.00410371 0.054852 0.0125834 0.928461 
0.0157294 0.187559 0.744918 0.0517932 
0.0363328 0.293717 0.6007 0.0692504 
0.00441619 0.0690102 0.0136678 0.912906 
0.0177961 0.722302 0.186077 0.0738248 
0.0598738 0.167236 0.689294 0.0835962 
0.0146266 0.130513 0.800394 0.0544657 
0.00398042 0.0511755 0.0122554 0.932589 
0.0149549 0.694725 0.150363 0.139957 
0.00517797 0.119808 0.0157914 0.859223 
0.0230978 0.823508 0.0953578 0.0580368 
0.00934589 0.321286 0.0255026 0.643865 
0.0131418 0.352547 0.498078 0.136233 
0.0547967 0.510924 0.221408 0.212871 
0.00629791 0.126931 0.0182471 0.848524 
0.00780997 0.15009 0.0189194 0.823181 
0.00540453 0.0943893 0.0176936 0.882513 
0.02112 0.681176 0.216111 0.0815929 
0.0050481 0.102081 0.0153111 0.87756 
0.0330297 0.664059 0.169105 0.133807 
0.00512393 0.08038 0.0161242 0.898372 
0.0259163 0.755952 0.10686 0.111271 
0.00752644 0.268935 0.0229823 0.700557 
0.00805862 0.174904 0.0230204 0.794017 
0.012018 0.437117 0.0366264 0.514239 
0.00859663 0.336619 0.0249118 0.629872 
0.0122445 0.167334 0.769793 0.0506281 
0.00394507 0.0501186 0.012012 0.933924 
0.00693948 0.146419 0.0260496 0.820591 
0.016435 0.791798 0.0953992 0.0963681 
0.0161366 0.775814 0.126333 0.0817167 
0.00398467 0.050626 0.012131 0.933258 
0.00594099 0.12761 0.0185107 0.847938 
0.00446192 0.0613497 0.013322 0.920866 
0.0163502 0.559948 0.0427215 0.380981 
0.0395799 0.31618 0.572518 0.0717223 
0.027225 0.644563 0.183622 0.14459 
0.0141761 0.797661 0.0531569 0.135006 
0.0198853 0.754292 0.103441 0.122382 
0.015715 0.478101 0.452998 0.0531855 
0.018622 0.284177 0.628613 0.0685877 
0.0130852 0.340788 0.0686574 0.577469 
0.0114415 0.606955 0.0400891 0.341515 
0.0131019 0.129414 0.790908 0.0665762 
0.00450422 0.0638073 0.0136073 0.918081 
0.00569518 0.128612 0.0171019 0.848591 
0.0189542 0.69182 0.0499731 0.239253 
0.00400999 0.0502692 0.0121302 0.933591 
0.0225172 0.228812 0.682707 0.0659639 
0.00798109 0.248167 0.0311711 0.712681 
0.0128799 0.561379 0.0584844 0.367257 
0.0477254 0.523123 0.24862 0.180532 
0.010351 0.0584935 0.886527 0.0446288 
0.0346573 0.521482 0.304429 0.139432 
0.0201665 0.763807 0.168915 0.0471119 
0.0202616 0.615291 0.0509961 0.313451 
0.0256351 0.397049 0.483434 0.0938819 
0.015599 0.378436 0.0414726 0.564492 
0.0109754 0.481806 0.0327795 0.474439 
0.00583098 0.088213 0.0157186 0.890237 
0.0402007 0.656926 0.108492 0.194382 
0.00487808 0.0907425 0.0148932 0.889486 
0.0247354 0.685292 0.0802858 0.209686 
0.022844 0.573037 0.303865 0.100254 
0.011502 0.180615 0.0284112 0.779472 
0.00697714 0.248655 0.0208964 0.723472 
0.0184264 0.216257 0.699643 0.065674 
0.0314164 0.442938 0.0575374 0.468108 
0.00841379 0.266691 0.0249336 0.699961 
0.0165112 0.813071 0.101826 0.0685917 
0.0547581 0.222483 0.63246 0.0902989 
0.010306 0.44014 0.0341702 0.515384 
0.0330161 0.435047 0.4513 0.0806369 
0.0342209 0.43152 0.393766 0.140493 
0.0128886 0.250755 0.176577 0.559779 
0.0220498 0.459574 0.447935 0.0704413 
0.00424155 0.0528744 0.0127045 0.93018 
0.0177379 0.711392 0.198926 0.0719439 
0.0124373 0.621559 0.060062 0.305941 
0.00566471 0.156541 0.0177021 0.820092 
0.0431533 0.47475 0.324045 0.158051 
0.0242171 0.665004 0.139737 0.171042 
0.0161539 0.140808 0.788903 0.0541351 
0.0193046 0.527678 0.347551 0.105466 
0.0205765 0.226105 0.666452 0.0868662 
0.0145332 0.171393 0.749391 0.0646829 
0.00575095 0.109007 0.0167994 0.868442 
0.0134613 0.536814 0.0473348 0.40239 
0.0256549 0.177447 0.0522367 0.744662 
0.0187434 0.722088 0.0762853 0.182884 
0.0106712 0.130072 0.80533 0.0539269 
0.00450882 0.0706558 0.0137295 0.911106 
0.0335527 0.228288 0.319754 0.418405 
0.0139551 0.0829932 0.850708 0.0523433 
0.00894977 0.100787 0.0278615 0.862402 
0.021105 0.699747 0.0530641 0.226084 
0.05525 0.367618 0.479264 0.0978672 
0.00395985 0.0503397 0.0119375 0.933763 
0.0134893 0.121662 0.815174 0.0496751 
0.00949076 0.274801 0.0388159 0.676892 
0.0335279 0.614541 0.280209 0.0717223 
0.0208932 0.772223 0.146582 0.0603015 
0.0254627 0.724126 0.144853 0.105558 
0.00502118 0.0642546 0.0141371 0.916587 
0.0248426 0.324557 0.580565 0.070035 
0.00529563 0.105456 0.0162308 0.873018 
0.0041711 0.0546859 0.0127267 0.928416 
0.0204698 0.821638 0.104822 0.0530708 
0.0201504 0.828424 0.0860302 0.0653958 
0.0156886 0.34585 0.5671 0.0713611 
0.00779567 0.39616 0.0248173 0.571227 
0.0203 0.691329 0.231417 0.0569536 
0.00462474 0.0648752 0.0138923 0.916608 
0.00755231 0.142542 0.023103 0.826802 
0.00941408 0.493266 0.0303996 0.466921 
0.00498367 0.105322 0.0152068 0.874488 
0.008426 0.329673 0.0304523 0.631449 
0.0127641 0.598707 0.0704464 0.318083 
0.00534253 0.104606 0.0165322 0.87352 
0.028254 0.571203 0.229748 0.170796 
0.00748942 0.208215 0.0205472 0.763748 
0.012431 0.262863 0.101652 0.623054 
0.0130618 0.103086 0.836251 0.0476005 
0.00983169 0.293984 0.0343157 0.661868 
0.0818771 0.336036 0.0522936 0.529793 
0.0295772 0.238332 0.591139 0.140952 
0.0222924 0.821305 0.0632263 0.0931763 
0.00551202 0.118952 0.0175024 0.858034 
0.0232705 0.26662 0.638761 0.0713479 
0.00432807 0.0617727 0.0129694 0.92093 
0.00886896 0.503662 0.0279243 0.459545 
0.018427 0.759355 0.0612509 0.160967 
0.00445858 0.0690054 0.0136502 0.912886 
0.0184527 0.459426 0.375807 0.146314 
0.0985287 0.569486 0.208245 0.123741 
0.0180382 0.787495 0.068812 0.125655 
0.0141281 0.473183 0.0713032 0.441385 
0.0171782 0.362661 0.539286 0.0808746 
0.0379689 0.431156 0.443578 0.0872969 
0.00925239 0.379584 0.026638 0.584526 
0.00663646 0.0720938 0.0155438 0.905726 
0.0126369 0.619429 0.0347619 0.333172 
0.027853 0.398204 0.0386839 0.535259 
0.0168198 0.517493 0.379882 0.085806 
0.00546544 0.0950216 0.0165252 0.882988 
0.0103442 0.110204 0.82778 0.051671 
0.0286336 0.546908 0.328647 0.0958115 
0.0198067 0.587745 0.0450917 0.347357 
0.00719596 0.164102 0.0303728 0.798329 
0.00388196 0.0473308 0.0117919 0.936995 
0.015167 0.565699 0.308814 0.11032 
0.0145467 0.419387 0.0779092 0.488157 
0.0222515 0.754402 0.0983557 0.12499 
0.0143008 0.294497 0.0626136 0.628588 
0.019813 0.487172 0.417518 0.0754973 
0.00971808 0.506888 0.0289539 0.45444 
0.00884632 0.309808 0.0251614 0.656184 
0.061142 0.374142 0.113529 0.451186 
0.0930717 0.573016 0.0600283 0.273883 
0.0127442 0.0713149 0.862155 0.0537858 
0.00416421 0.0593864 0.0127267 0.923723 
0.00974465 0.528371 0.0328649 0.42902 
0.00776155 0.258237 0.029206 0.704796 
0.00449453 0.0734431 0.0138643 0.908198 
0.00529944 0.112864 0.016427 0.865409 
0.0197119 0.838157 0.0722574 0.0698739 
0.0186115 0.800129 0.126633 0.0546261 
0.0180276 0.166354 0.754245 0.0613742 
0.00412808 0.0545082 0.0124083 0.928955 
0.0128164 0.621572 0.0364935 0.329118 
0.0197352 0.485352 0.434355 0.0605583 
0.0218313 0.346934 0.037455 0.593779 
0.0206205 0.786168 0.0620423 0.131169 
0.0102227 0.377743 0.0413473 0.570687 
0.0110343 0.32269 0.0381505 0.628125 
0.00506354 0.105894 0.015628 0.873414 
0.0188106 0.329109 0.558807 0.0932741 
0.00498654 0.0977376 0.0152125 0.882063 
0.00391944 0.0490182 0.0120436 0.935019 
0.0137675 0.106872 0.828561 0.0507997 
0.0389256 0.606683 0.1934 0.160991 
0.00450768 0.0671657 0.0136489 0.914678 
0.0102564 0.382108 0.0337295 0.573906 
0.0228788 0.722691 0.060421 0.194009 
0.0147174 0.252979 0.549188 0.183116 
0.0225373 0.720184 0.101018 0.156261 
0.018802 0.250606 0.674884 0.0557077 
0.0193756 0.635854 0.0557344 0.289036 
0.05669 0.559794 0.0553537 0.328162 
0.0135279 0.55781 0.0520042 0.376658 
0.0129887 0.635808 0.0371908 0.314012 
0.0237999 0.823604 0.0725743 0.0800214 
0.00939343 0.155813 0.0216895 0.813104 
0.0188842 0.56516 0.117051 0.298905 
0.0257182 0.739169 0.143222 0.0918906 
0.0253644 0.537205 0.362144 0.0752859 
0.00455017 0.0572267 0.0136232 0.9246 
0.0416085 0.384421 0.466801 0.107169 
0.0184225 0.350767 0.278851 0.351959 
0.00484801 0.0724745 0.0146664 0.908011 
0.0280716 0.573858 0.30071 0.0973599 
0.00457178 0.0760627 0.0139032 0.905462 
0.00833904 0.403205 0.026679 0.561777 
0.0143624 0.27943 0.642403 0.0638044 
0.010344 0.436644 0.0282848 0.524727 
0.0106289 0.169764 0.0378324 0.781775 
0.00763664 0.23676 0.021965 0.733638 
0.0193982 0.614116 0.129781 0.236705 
0.0038311 0.0461737 0.0116179 0.938377 
0.0192033 0.41001 0.0462856 0.524501 
0.0219845 0.505916 0.0688772 0.403223 
0.0167064 0.397978 0.526953 0.0583631 
0.0230479 0.169482 0.749015 0.0584545 
0.00418808 0.056955 0.0131997 0.925657 
0.0086404 0.407485 0.0330786 0.550796 
0.00460619 0.0686939 0.0140194 0.912681 
0.0201905 0.603182 0.255053 0.121575 
0.00746906 0.292902 0.0235355 0.676094 
0.0126755 0.169624 0.766342 0.0513585 
0.00617869 0.138714 0.0173999 0.837707 
0.0204374 0.844595 0.0780822 0.0568858 
0.0112153 0.105411 0.796681 0.0866923 
0.0101166 0.343795 0.0333231 0.612765 
0.0349107 0.304497 0.0397679 0.620824 
0.0514708 0.556511 0.172304 0.219714 
0.0174213 0.417923 0.0379784 0.526677 
0.00664282 0.072765 0.0167518 0.90384 
0.00997382 0.0773018 0.868265 0.0444595 
0.00915288 0.347374 0.0303315 0.613142 
0.0119126 0.550074 0.0432161 0.394798 
0.00387382 0.0480845 0.0118474 0.936194 
0.013407 0.378499 0.127419 0.480675 
0.0342867 0.530708 0.139955 0.29505 
0.0235047 0.651348 0.192107 0.13304 
0.0163616 0.824344 0.0650263 0.0942685 
0.0167286 0.620827 0.306487 0.0559569 
0.0286559 0.482922 0.102311 0.386111 
0.0045976 0.0584847 0.0133148 0.923603 
0.0109375 0.558382 0.034172 0.396509 
0.00440364 0.060834 0.0136554 0.921107 
0.00536453 0.095837 0.0152921 0.883506 
0.00432761 0.0597538 0.0130534 0.922865 
0.0152092 0.15499 0.761135 0.0686663 
0.0265981 0.58139 0.11999 0.272022 
0.0306947 0.241423 0.667735 0.0601466 
0.0200686 0.556916 0.362765 0.0602508 
0.00608849 0.0947035 0.0169256 0.882282 
0.00734667 0.219612 0.0204062 0.752635 
0.0182055 0.667055 0.0772002 0.237539 
0.0131252 0.306646 0.209901 0.470328 
0.00391861 0.0473866 0.0118486 0.936846 
0.0133898 0.354137 0.074843 0.55763 
0.00486359 0.0873785 0.0152475 0.89251 
0.0304258 0.754276 0.0996106 0.115688 
0.00476672 0.0688858 0.0150249 0.911323 
0.0175245 0.30706 0.55965 0.115765 
0.00457016 0.0734548 0.0141957 0.907779 
0.0233813 0.526783 0.0437098 0.406126 
0.020034 0.76204 0.0725407 0.145385 
0.0238114 0.642934 0.248209 0.0850456 
0.0187381 0.494994 0.422728 0.0635391 
0.0168554 0.58684 0.314403 0.0819025 
0.0262721 0.655541 0.233479 0.0847073 
0.0228965 0.644432 0.275549 0.0571226 
0.0175208 0.785174 0.0983882 0.0989171 
0.00880933 0.382855 0.0267887 0.581547 
0.0127387 0.179383 0.710838 0.0970407 
0.022523 0.37919 0.527855 0.0704319 
0.0103186 0.193538 0.0219368 0.774206 
0.0173155 0.801057 0.116997 0.0646312 
0.00922017 0.422869 0.0352867 0.532624 
0.0119812 0.0602669 0.881854 0.045898 
0.016322 0.114981 0.813603 0.0550936 
0.00415829 0.0523229 0.0127063 0.930813 
0.00819602 0.372878 0.0271324 0.591794 
0.0208569 0.54267 0.336694 0.0997795 
0.0136581 0.544399 0.0491333 0.39281 
0.040343 0.63243 0.130454 0.196773 
0.00735392 0.220956 0.0224979 0.749192 
0.0268346 0.150094 0.751362 0.0717101 
0.00389226 0.0474526 0.0118119 0.936843 
0.0125836 0.103121 0.835374 0.0489211 
0.0132136 0.144234 0.77308 0.0694718 
0.00486651 0.0775329 0.0142454 0.903355 
0.0114125 0.481423 0.0502684 0.456896 
0.00994692 0.221667 0.064123 0.704263 
0.021976 0.78773 0.0817615 0.108533 
0.0199979 0.757876 0.0719259 0.1502 
0.0129214 0.169378 0.750297 0.0674031 
0.0204053 0.649636 0.182455 0.147505 
0.00595312 0.0805705 0.0156175 0.897859 
0.0213075 0.710408 0.189164 0.07912 
0.0148536 0.655769 0.0747345 0.254643 
0.0216489 0.429436 0.0375291 0.511386 
0.00951112 0.543728 0.0285304 0.418231 
0.00773724 0.0793135 0.0200087 0.892941 
0.0107534 0.293265 0.0385625 0.657419 
0.0228826 0.116195 0.801736 0.0591862 
0.00894764 0.385944 0.0252414 0.579867 
0.0155945 0.0906861 0.833377 0.0603427 
0.00479402 0.0809414 0.0161597 0.898105 
0.0240945 0.497239 0.27749 0.201177 
0.00856489 0.121326 0.0218273 0.848282 
0.0130999 0.660108 0.0576194 0.269173 
0.010031 0.498451 0.0300207 0.461497 
0.0273069 0.224311 0.667165 0.0812171 
0.00584476 0.125485 0.016333 0.852338 
0.292399 0.262713 0.35933 0.0855579 
0.0196466 0.527882 0.380196 0.0722754 
0.00437134 0.0676864 0.0137177 0.914225 
0.0172973 0.216476 0.02647 0.739757 
0.00390045 0.0479411 0.0118193 0.936339 
0.00388219 0.0474895 0.0117739 0.936854 
0.00985217 0.43087 0.0327799 0.526497 
0.0189964 0.547036 0.0784747 0.355493 
0.0253626 0.392169 0.0475592 0.534909 
0.0378297 0.488166 0.366495 0.107509 
0.0205092 0.823844 0.0848464 0.0708008 
0.0222188 0.733336 0.0971774 0.147268 
0.0146659 0.178693 0.734001 0.0726399 
0.0733229 0.492656 0.247623 0.186398 
0.0179268 0.71491 0.0829725 0.18419 
0.0125547 0.363103 0.0304541 0.593888 
0.0159036 0.63818 0.0828831 0.263033 
0.0221963 0.714714 0.16768 0.0954096 
0.00419344 0.0561339 0.0125317 0.927141 
0.0100908 0.0447939 0.0132241 0.931891 
0.00487722 0.0598555 0.0140669 0.9212 
0.00437569 0.0639788 0.0131394 0.918506 
0.00397674 0.0509536 0.0120913 0.932978 
0.0164868 0.212085 0.690302 0.0811269 
0.00829076 0.235508 0.0364193 0.719782 
0.0202211 0.732713 0.197459 0.0496071 
0.021187 0.260834 0.0328427 0.685137 
0.0137863 0.08131 0.854999 0.0499048 
0.0338966 0.688769 0.0980443 0.17929 
0.0151672 0.645908 0.0447128 0.294212 
0.0053488 0.0726021 0.0165174 0.905532 
0.00774928 0.373325 0.0233375 0.595588 
0.0208134 0.706047 0.159376 0.113764 
0.0103287 0.329707 0.0266222 0.633342 
0.0174873 0.198775 0.0222907 0.761447 
0.0206413 0.519681 0.38866 0.0710181 
0.024147 0.703931 0.0735162 0.198406 
0.00831593 0.420091 0.0254194 0.546174 
0.0300534 0.562945 0.219752 0.18725 
0.0139223 0.397521 0.122443 0.466114 
0.0117753 0.60135 0.0716858 0.315188 
0.0210435 0.472516 0.0566241 0.449816 
0.0139476 0.559509 0.380657 0.0458868 
0.0439115 0.429015 0.0607099 0.466363 
0.00908851 0.059544 0.888669 0.0426988 
0.0053222 0.124915 0.0167485 0.853014 
0.00682065 0.144226 0.0183492 0.830604 
0.00736105 0.169089 0.0262034 0.797347 
0.00845825 0.104045 0.02032 0.867177 
0.0162574 0.201798 0.705954 0.0759909 
0.0108001 0.278252 0.0351621 0.675786 
0.323329 0.369344 0.128014 0.179312 
0.0153313 0.644826 0.0392564 0.300586 
0.0115413 0.668001 0.0458634 0.274594 
0.00686169 0.0931466 0.0165198 0.883472 
0.0299202 0.48604 0.33098 0.153059 
0.0180409 0.302232 0.041043 0.638684 
0.00388943 0.0473415 0.0119007 0.936868 
0.0308762 0.581208 0.325716 0.0621992 
0.0151175 0.592792 0.317067 0.0750236 
0.0136484 0.0787653 0.856723 0.050863 
0.00992944 0.338441 0.0288944 0.622735 
0.221067 0.570819 0.0720032 0.136112 
0.051654 0.330806 0.316369 0.301171 
0.0242429 0.702772 0.0862172 0.186768 
0.0177311 0.305673 0.572916 0.10368 
0.0126358 0.233535 0.0256107 0.728218 
0.00652707 0.09942 0.021887 0.872166 
0.0137115 0.147325 0.769596 0.069368 
0.00422111 0.0567675 0.0128921 0.926119 
0.00449669 0.0631166 0.014196 0.918191 
0.0106411 0.168075 0.753375 0.0679088 
0.0189334 0.837751 0.0956754 0.0476399 
0.00634548 0.114972 0.0183564 0.860326 
0.00988723 0.514001 0.0324353 0.443677 
0.00398189 0.0506205 0.0122768 0.933121 
0.010308 0.431108 0.0313455 0.527239 
0.019093 0.784016 0.0897264 0.107164 
0.0139594 0.517122 0.0744219 0.394497 
0.0606203 0.128563 0.704073 0.106743 
0.0224454 0.212541 0.685227 0.0797869 
0.105858 0.280208 0.0568622 0.557071 
0.0145382 0.477109 0.131148 0.377205 
0.0164105 0.329472 0.0738205 0.580297 
0.0164117 0.258007 0.65884 0.0667413 
0.00397527 0.0498998 0.0121088 0.934016 
0.00462729 0.0776805 0.0142344 0.903458 
0.00607338 0.142391 0.0185997 0.832936 
0.0127132 0.11805 0.816737 0.0524992 
0.0125543 0.268065 0.0342983 0.685082 
0.00491169 0.083609 0.014748 0.896731 
0.00833515 0.456572 0.0260599 0.509033 
0.00653403 0.117702 0.0178778 0.857886 
0.00425486 0.0585893 0.0133585 0.923797 
0.0341104 0.521235 0.133217 0.311438 
0.00482969 0.0807937 0.014356 0.900021 
0.00566686 0.158971 0.0175085 0.817853 
0.0213784 0.580256 0.114732 0.283634 
0.00388141 0.0473173 0.0117947 0.937007 
0.0439514 0.334763 0.452226 0.16906 
0.0205511 0.44215 0.129761 0.407538 
0.0107693 0.105364 0.824702 0.0591643 
0.0617102 0.508048 0.353288 0.076954 
0.0357214 0.385244 0.135844 0.44319 
0.0412334 0.116966 0.780171 0.0616294 
0.00403523 0.0543274 0.0122225 0.929415 
0.0100095 0.0554757 0.891169 0.0433454 
0.0106611 0.0926006 0.848705 0.0480333 
0.0123465 0.103675 0.832708 0.05127 
0.00688857 0.2445 0.0207348 0.727877 
0.0039123 0.0496325 0.0119414 0.934514 
0.0137072 0.132022 0.797008 0.0572629 
0.0256829 0.418936 0.430347 0.125035 
0.00433905 0.059535 0.0135396 0.922586 
0.0160327 0.258661 0.624996 0.10031 
0.0303666 0.277091 0.156189 0.536353 
0.0191762 0.457795 0.185337 0.337692 
0.00394986 0.048989 0.0120375 0.935024 
0.0222017 0.646794 0.244558 0.0864469 
0.0326757 0.612826 0.271403 0.083095 
0.00393112 0.0493766 0.0120977 0.934595 
0.134607 0.497339 0.0857705 0.282284 
0.0124134 0.330241 0.0280267 0.629319 
0.0209674 0.820848 0.064377 0.0938076 
0.0150306 0.435438 0.0391959 0.510336 
0.0304863 0.665341 0.133366 0.170807 
0.00704314 0.199555 0.0267669 0.766635 
0.00655813 0.0863339 0.0165082 0.8906 
0.0168805 0.0708557 0.862043 0.0502209 
0.0143155 0.508569 0.0589417 0.418174 
0.0089169 0.249682 0.024504 0.716898 
0.00589998 0.0754119 0.0160759 0.902612 
0.0131128 0.507848 0.0642857 0.414754 
0.0126146 0.560116 0.0954528 0.331817 
0.0136222 0.747058 0.0412302 0.198089 
0.00398508 0.0499709 0.0121721 0.933872 
0.0197461 0.166716 0.723386 0.0901527 
0.022491 0.288986 0.101082 0.587441 
0.0200517 0.651927 0.222418 0.105604 
0.0139092 0.592911 0.0598744 0.333305 
0.00394663 0.0501716 0.0121273 0.933755 
0.027929 0.489504 0.0707586 0.411808 
0.00858491 0.468178 0.0267889 0.496448 
0.0117924 0.105807 0.831697 0.0507039 
0.0117918 0.128627 0.810458 0.0491225 
0.0139902 0.253308 0.0262051 0.706497 
0.0124493 0.212305 0.0362502 0.738995 
0.017514 0.67854 0.130517 0.173429 
0.265238 0.432494 0.16084 0.141429 
0.0221284 0.322934 0.574547 0.0803903 
0.152547 0.392691 0.28134 0.173422 
0.00900937 0.270264 0.0254175 0.695309 
0.010592 0.212447 0.0396856 0.737275 
0.0197035 0.810896 0.101762 0.0676383 
0.00774166 0.255923 0.0272897 0.709046 
0.0118369 0.549062 0.03272 0.406381 
0.0131491 0.102439 0.828867 0.0555449 
0.00948065 0.0960461 0.833277 0.0611958 
0.00715201 0.159511 0.0188729 0.814465 
0.0039901 0.051564 0.0122814 0.932164 
0.0252389 0.680771 0.168933 0.125058 
0.0263248 0.646662 0.226683 0.10033 
0.0151803 0.173789 0.751751 0.0592793 
0.0145091 0.648971 0.0467023 0.289818 
0.0116189 0.454807 0.0591371 0.474437 
0.0104756 0.13319 0.713246 0.143088 
0.014401 0.43687 0.267915 0.280814 
0.062561 0.388753 0.22327 0.325416 
0.0439937 0.661232 0.209558 0.0852159 
0.0195103 0.180915 0.739539 0.0600355 
0.0247097 0.626097 0.213327 0.135867 
0.0145855 0.379583 0.549775 0.0560566 
0.0147388 0.682647 0.052834 0.24978 
0.00489404 0.0771154 0.0172754 0.900715 
0.0138051 0.252719 0.680633 0.0528428 
0.0045789 0.0656157 0.0138192 0.915986 
0.0327329 0.617783 0.19967 0.149814 
0.00979278 0.285368 0.0320045 0.672835 
0.0228163 0.490132 0.370994 0.116058 
0.0238942 0.627593 0.281203 0.0673091 
0.00391528 0.0490976 0.0120243 0.934963 
0.0176415 0.372391 0.543015 0.0669527 
0.0163509 0.738493 0.184949 0.060207 
0.0269985 0.601373 0.0618439 0.309784 
0.00588991 0.161191 0.018822 0.814097 
0.00629883 0.103836 0.0184912 0.871373 
0.018966 0.851717 0.0828852 0.0464314 
0.0166907 0.644468 0.252863 0.0859786 
0.00933186 0.317414 0.0317972 0.641457 
0.0163354 0.690547 0.0757448 0.217373 
0.00515981 0.116561 0.0163182 0.861961 
0.00441858 0.0615218 0.0133875 0.920672 
0.00403462 0.0523168 0.0124508 0.931198 
0.0183627 0.818348 0.113586 0.0497033 
0.0100153 0.573342 0.0310268 0.385616 
0.00399111 0.0498125 0.0122862 0.93391 
0.0147538 0.44102 0.419914 0.124312 
0.0115462 0.157342 0.0561687 0.774943 
0.0102666 0.496 0.030535 0.463199 
0.00907698 0.247374 0.0361057 0.707443 
0.00464461 0.0692519 0.014416 0.911687 
0.00396143 0.0505585 0.012181 0.933299 
0.0187417 0.845246 0.0911921 0.0448205 
0.0291843 0.440629 0.444982 0.0852045 
0.00423028 0.0582883 0.0131198 0.924362 
0.0200925 0.459747 0.0739061 0.446255 
0.0145798 0.339723 0.0460586 0.599639 
0.0247723 0.628762 0.0822043 0.264261 
0.0135784 0.0998072 0.833216 0.053398 
0.0228366 0.760044 0.0964795 0.12064 
0.0040104 0.051653 0.0123796 0.931957 
0.00779445 0.282032 0.0249579 0.685216 
0.0135749 0.492663 0.0774331 0.416329 
0.0121162 0.484973 0.0329064 0.470004 
0.0454774 0.508845 0.301979 0.143699 
0.00427295 0.0574689 0.0130102 0.925248 
0.006153 0.160111 0.01902 0.814717 
0.0167618 0.736351 0.0765008 0.170386 
0.0131267 0.711126 0.0502726 0.225475 
0.0207663 0.786469 0.0927221 0.100043 
0.0165789 0.763154 0.0828595 0.137408 
0.0181364 0.711408 0.0549173 0.215539 
0.00551186 0.0983439 0.0159005 0.880244 
0.00760712 0.347393 0.0249668 0.620033 
0.0298453 0.536172 0.287688 0.146294 
0.00624443 0.150368 0.0179311 0.825456 
0.0173244 0.809976 0.0496414 0.123059 
0.00435911 0.0610495 0.0133892 0.921202 
0.0242323 0.239428 0.640054 0.0962862 
0.00490161 0.0754926 0.0147254 0.90488 
0.0242705 0.596701 0.22702 0.152008 
0.00432176 0.0580036 0.0133468 0.924328 
0.0108598 0.564625 0.0302391 0.394277 
0.0114832 0.597688 0.0348381 0.35599 
0.00386466 0.0476319 0.011831 0.936672 
0.00392852 0.0490769 0.012045 0.93495 
0.0268654 0.658158 0.231286 0.0836908 
0.00412439 0.0577534 0.0125091 0.925613 
0.00426687 0.06048 0.0132374 0.922016 
0.0086228 0.399461 0.0265083 0.565408 
0.00421951 0.0577167 0.0128495 0.925214 
0.00708411 0.212834 0.0227659 0.757316 
0.00398843 0.0502633 0.0120975 0.933651 
0.0215443 0.711092 0.063117 0.204246 
0.00772641 0.347064 0.0239519 0.621258 
0.00985303 0.140804 0.0271627 0.82218 
0.0127024 0.281479 0.0329674 0.672852 
0.0103032 0.57048 0.0383958 0.380821 
0.00479123 0.0668545 0.0148282 0.913526 
0.00736658 0.22591 0.0239988 0.742725 
0.0103612 0.0663068 0.874163 0.0491694 
0.0120188 0.453565 0.0389748 0.495442 
0.0231767 0.670497 0.0881653 0.218161 
0.0214002 0.399698 0.195894 0.383008 
0.00503659 0.0777841 0.0160271 0.901152 
0.0178566 0.722002 0.0909756 0.169166 
0.00443172 0.0556218 0.0132821 0.926664 
0.012703 0.0990614 0.837714 0.0505213 
0.016963 0.761125 0.153234 0.0686774 
0.0523561 0.408957 0.309713 0.228974 
0.00600869 0.174552 0.0182294 0.80121 
0.0535867 0.31945 0.553697 0.0732662 
0.00485492 0.0670214 0.0138379 0.914286 
0.0127173 0.675488 0.039838 0.271956 
0.0159087 0.134794 0.708224 0.141073 
0.0121206 0.372441 0.0290235 0.586415 
0.0224699 0.473805 0.426603 0.077122 
0.0140021 0.0794756 0.857105 0.0494171 
0.0107298 0.146316 0.778485 0.0644685 
0.0129915 0.117026 0.8096 0.0603825 
0.00398203 0.0523722 0.012226 0.93142 
0.0240971 0.517766 0.376954 0.0811822 
0.0593571 0.5123 0.176067 0.252276 
0.00401062 0.0513109 0.0123776 0.932301 
0.0148123 0.274174 0.64917 0.0618431 
0.0462393 0.659472 0.163084 0.131205 
0.0268862 0.230717 0.663922 0.0784754 
0.0116259 0.117962 0.816163 0.0542493 
0.0150837 0.125682 0.791812 0.0674226 
0.0255937 0.381203 0.52152 0.0716831 
0.00407136 0.0508567 0.0123451 0.932727 
0.012767 0.299193 0.109257 0.578783 
0.0181378 0.636433 0.253715 0.0917139 
0.00665195 0.193245 0.0198464 0.780256 
0.00970569 0.409861 0.0344815 0.545952 
0.00567192 0.103766 0.0161614 0.8744 
0.00474186 0.088092 0.0145406 0.892626 
0.0146264 0.698095 0.0873406 0.199938 
0.0237711 0.622364 0.0833517 0.270513 
0.0143811 0.506085 0.0490378 0.430496 
0.0103267 0.469185 0.0305094 0.489979 
0.00458228 0.0595768 0.0134362 0.922405 
0.0184182 0.862082 0.0806508 0.0388494 
0.147897 0.386829 0.063476 0.401798 
0.00657458 0.232331 0.020776 0.740319 
0.0426217 0.460247 0.332435 0.164696 
0.0201295 0.402586 0.485286 0.0919982 
0.00512957 0.0947361 0.0152096 0.884925 
0.018808 0.664632 0.115907 0.200653 
0.0163754 0.661392 0.0633292 0.258903 
0.0128128 0.111343 0.810103 0.0657409 
0.0288736 0.279569 0.539173 0.152384 
0.00716305 0.228314 0.0221682 0.742355 
0.0441789 0.626487 0.054689 0.274645 
0.0146861 0.618363 0.0568736 0.310077 
0.00713785 0.234148 0.0212526 0.737461 
0.00426088 0.0524478 0.0127719 0.930519 
0.0187015 0.845233 0.0683065 0.0677587 
0.0209199 0.739027 0.0903012 0.149752 
0.00486801 0.0842782 0.0149018 0.895952 
0.077628 0.541659 0.174373 0.20634 
0.0143019 0.179223 0.749062 0.0574126 
0.0186073 0.0898998 0.825436 0.0660569 
0.0162186 0.491862 0.0777197 0.414199 
0.00501563 0.075458 0.0146562 0.90487 
0.00439325 0.0664899 0.0134603 0.915657 
0.0215201 0.517166 0.354066 0.107248 
0.00704092 0.141662 0.0188055 0.832491 
0.00400549 0.049414 0.0121543 0.934426 
0.0188924 0.467809 0.0562075 0.457091 
0.0155428 0.232765 0.67166 0.080032 
0.0174937 0.140801 0.787555 0.0541497 
0.0135236 0.552995 0.0441626 0.389318 
0.0128674 0.114113 0.824535 0.048485 
0.00642676 0.154147 0.0195168 0.819909 
0.0153648 0.334197 0.0467664 0.603672 
0.0053858 0.08089 0.0160805 0.897644 
0.0107923 0.520685 0.0319112 0.436612 
0.0202538 0.149639 0.772888 0.0572186 
0.0101948 0.582929 0.0366174 0.370259 
0.00429938 0.0606717 0.0129687 0.92206 
0.00559327 0.134401 0.0172511 0.842755 
0.0251024 0.555146 0.239641 0.18011 
0.00978361 0.0603431 0.886784 0.0430895 
0.00462611 0.0621216 0.0133304 0.919922 
0.0417509 0.538494 0.0666211 0.353134 
0.00586757 0.078006 0.0161302 0.899996 
0.025183 0.493814 0.380887 0.100116 
0.00726778 0.272546 0.0215946 0.698592 
0.00785007 0.195349 0.0221962 0.774605 
0.0165481 0.197363 0.506636 0.279454 
0.00532226 0.125573 0.0160502 0.853054 
0.00495624 0.0586195 0.014281 0.922143 
0.0115354 0.371556 0.047031 0.569877 
0.0209752 0.464838 0.434973 0.0792138 
0.00442989 0.0647484 0.0132787 0.917543 
0.0133063 0.295981 0.626451 0.0642619 
0.0209745 0.793379 0.120718 0.0649288 
0.0107035 0.206642 0.0230032 0.759651 
0.0198497 0.0790427 0.0207037 0.880404 
0.0396138 0.188688 0.686367 0.0853318 
0.0100597 0.0821322 0.862849 0.0449586 
0.211332 0.312836 0.282206 0.193626 
0.0190733 0.775456 0.0711673 0.134304 
0.00861326 0.186768 0.0392113 0.765407 
0.0225649 0.600375 0.280574 0.0964864 
0.0589933 0.701839 0.110455 0.128713 
0.0375465 0.282984 0.607011 0.0724589 
0.00825082 0.30624 0.0241612 0.661348 
0.0586333 0.224779 0.601566 0.115022 
0.0105605 0.183027 0.0252686 0.781144 
0.00428782 0.0621013 0.0131101 0.920501 
0.00440258 0.0610316 0.0135877 0.920978 
0.00863316 0.31977 0.0306468 0.64095 
0.00545715 0.0861792 0.0161623 0.892201 
0.0169956 0.667351 0.255318 0.0603347 
0.0191346 0.71442 0.113976 0.152469 
0.00718095 0.19792 0.0239411 0.770958 
0.00419137 0.0589915 0.0126383 0.924179 
0.010337 0.148162 0.791236 0.0502651 
0.025723 0.697466 0.192754 0.0840577 
0.0162292 0.83426 0.0848065 0.0647043 
0.00453274 0.0649836 0.0138424 0.916641 
0.00879318 0.30096 0.0325983 0.657649 
0.0144426 0.149351 0.779242 0.0569651 
0.026185 0.296623 0.187326 0.489866 
0.0203159 0.55222 0.330763 0.0967006 
0.0104015 0.553691 0.0376351 0.398273 
0.0143382 0.432955 0.460401 0.0923056 
0.0251028 0.430494 0.0410934 0.50331 
0.0190336 0.83936 0.0948362 0.04677 
0.0162432 0.790001 0.128828 0.0649279 
0.0221054 0.114708 0.805014 0.0581727 
0.00397338 0.0508504 0.0120388 0.933137 
0.0113328 0.572555 0.0323088 0.383803 
0.00417597 0.05746 0.0125764 0.925788 
0.00590337 0.149514 0.0183452 0.826237 
0.0334202 0.629575 0.113676 0.223329 
0.00984797 0.076286 0.869187 0.0446794 
0.0136337 0.725526 0.039705 0.221136 
0.0190101 0.856991 0.0802138 0.0437851 
0.0307428 0.657204 0.13722 0.174834 
0.0107949 0.190357 0.0402224 0.758625 
0.0217086 0.1524 0.758178 0.0677135 
0.0636309 0.492893 0.211204 0.232272 
0.0157124 0.575032 0.336218 0.0730368 
0.00526775 0.0768751 0.0154227 0.902434 
0.00473595 0.076415 0.0147387 0.90411 
0.00399274 0.0512593 0.0124171 0.932331 
0.00943025 0.0781948 0.863416 0.0489592 
0.0201891 0.144466 0.764848 0.070497 
0.0200533 0.741608 0.143221 0.0951178 
0.00389559 0.0478643 0.0118425 0.936398 
0.0191982 0.832743 0.10025 0.0478095 
0.0140754 0.240424 0.0476903 0.69781 
0.0962686 0.430132 0.156503 0.317096 
0.0313893 0.534144 0.0961688 0.338298 
0.031332 0.737841 0.104089 0.126738 
0.0154295 0.680232 0.0487954 0.255543 
0.014722 0.708049 0.065654 0.211575 
0.00602254 0.108315 0.0179257 0.867737 
0.00625164 0.0972767 0.0167425 0.879729 
0.0212916 0.468916 0.417631 0.0921613 
0.0048517 0.0759371 0.0151006 0.904111 
0.0106981 0.390307 0.0564974 0.542497 
0.0412517 0.561717 0.0762912 0.32074 
0.010289 0.0715873 0.871337 0.0467868 
0.0053209 0.109615 0.0159375 0.869126 
0.00746345 0.304948 0.0224816 0.665107 
0.00699408 0.0917896 0.0189851 0.882231 
0.0390295 0.204392 0.662332 0.0942467 
0.0094275 0.294224 0.0444158 0.651932 
0.0200069 0.531679 0.0445043 0.40381 
0.0213376 0.552935 0.260587 0.16514 
0.02124 0.662191 0.193888 0.12268 
0.00386774 0.0471832 0.0117288 0.93722 
0.00701177 0.122746 0.0181535 0.852088 
0.0410767 0.382295 0.398586 0.178043 
0.0213273 0.717961 0.121814 0.138897 
0.0039351 0.0487905 0.0119918 0.935283 
0.0125535 0.181659 0.0540638 0.751724 
0.0176601 0.527603 0.319784 0.134953 
0.0394026 0.633157 0.19338 0.13406 
0.0131762 0.715085 0.0523196 0.219419 
0.00951845 0.41242 0.0293022 0.548759 
0.0750837 0.295005 0.268037 0.361874 
0.252066 0.231271 0.0542529 0.46241 
0.00761523 0.076766 0.016683 0.898936 
0.0113045 0.144106 0.740094 0.104496 
0.125153 0.381259 0.132685 0.360904 
0.007093 0.199121 0.0229517 0.770834 
0.0207902 0.683301 0.113241 0.182668 
0.0118688 0.0937879 0.839477 0.0548661 
0.0129578 0.133522 0.774601 0.0789199 
0.0158047 0.694346 0.180218 0.109631 
0.00975035 0.158975 0.0311292 0.800146 
0.037114 0.339391 0.270875 0.352621 
0.0335661 0.618224 0.257027 0.0911823 
0.0130567 0.448136 0.0364193 0.502388 
0.0111942 0.236587 0.0261321 0.726086 
0.0166416 0.122397 0.80733 0.0536316 
0.00646601 0.190711 0.019477 0.783346 
0.030703 0.0981821 0.812728 0.0583866 
0.0193874 0.452654 0.0568443 0.471115 
0.216811 0.252987 0.411218 0.118984 
0.00408087 0.0528934 0.0123654 0.93066 
0.0510048 0.706973 0.0675783 0.174444 
0.00828824 0.0818119 0.0292065 0.880693 
0.00812978 0.183174 0.0209504 0.787745 
0.0246175 0.625065 0.26643 0.083887 
0.0406938 0.527444 0.255331 0.176532 
0.0113381 0.0703165 0.87173 0.0466155 
0.00394661 0.0497364 0.0121469 0.93417 
0.00397732 0.0512146 0.0120593 0.932749 
0.0334132 0.426009 0.288773 0.251804 
0.0238231 0.236981 0.0350651 0.704131 
0.0297717 0.270496 0.0405811 0.659151 
0.0150328 0.310464 0.0393394 0.635164 
0.00651725 0.176013 0.0197906 0.79768 
0.0106284 0.0913451 0.842333 0.0556931 
0.00390891 0.047899 0.0119084 0.936284 
0.0172889 0.36129 0.539439 0.0819819 
0.0261197 0.387701 0.0569314 0.529248 
0.0251545 0.770891 0.0937338 0.110221 
0.0189112 0.827641 0.0584382 0.0950093 
0.142384 0.172147 0.598062 0.0874075 
0.0242712 0.104575 0.800573 0.0705815 
0.0255516 0.252745 0.0416212 0.680083 
0.00561007 0.0858918 0.0153015 0.893197 
0.0246573 0.75322 0.10694 0.115183 
0.0123889 0.0685938 0.869316 0.0497008 
0.0177058 0.732713 0.0949116 0.154669 
0.029089 0.396014 0.507465 0.0674313 
0.0082429 0.219374 0.0207047 0.751679 
0.00385011 0.0472195 0.0118075 0.937123 
0.0340161 0.138454 0.764143 0.0633868 
0.0115095 0.0860389 0.853327 0.0491247 
0.017056 0.553565 0.367613 0.0617653 
0.00520521 0.0886619 0.015116 0.891017 
0.00396834 0.0495265 0.0119604 0.934545 
0.0461951 0.235971 0.629307 0.0885273 
0.0597891 0.515901 0.293077 0.131233 
0.00395517 0.0498256 0.012148 0.934071 
0.0043977 0.065572 0.0134234 0.916607 
0.0147072 0.299097 0.612177 0.0740182 
0.0101564 0.436831 0.0287101 0.524302 
0.0172752 0.314441 0.0344608 0.633823 
0.0222373 0.329593 0.452916 0.195254 
0.0117522 0.550594 0.0338155 0.403838 
0.0153769 0.754332 0.0554469 0.174844 
0.0334228 0.284933 0.556469 0.125175 
0.0041899 0.0556785 0.0125578 0.927574 
0.00434611 0.0656739 0.0133753 0.916605 
0.00716979 0.310192 0.0222861 0.660352 
0.0132299 0.0994925 0.817997 0.0692802 
0.0183856 0.178718 0.747655 0.0552417 
0.0065387 0.0896986 0.0251764 0.878586 
0.00428953 0.0595359 0.0133722 0.922802 
0.0101758 0.0581443 0.887753 0.0439272 
0.0440553 0.220536 0.651399 0.08401 
0.00620246 0.125977 0.0209197 0.846901 
0.0186106 0.435948 0.0504831 0.494959 
0.00883407 0.188558 0.0204507 0.782157 
0.019447 0.799219 0.0981534 0.0831809 
0.00664237 0.220265 0.0201713 0.752922 
0.0174144 0.137045 0.790585 0.0549555 
0.0115077 0.592629 0.0492359 0.346627 
0.00956004 0.448372 0.0270612 0.515007 
0.00428515 0.0527212 0.0128131 0.930181 
0.0041077 0.0572523 0.0127083 0.925932 
0.0148869 0.237619 0.674688 0.0728063 
0.24582 0.449414 0.194257 0.110509 
0.0110822 0.441944 0.0296609 0.517313 
0.0071345 0.214712 0.0208867 0.757267 
0.00443658 0.0559374 0.0132277 0.926398 
0.0518151 0.463129 0.411696 0.0733595 
0.0190509 0.82099 0.0789478 0.081011 
0.0172401 0.681833 0.091139 0.209788 
0.0328981 0.14061 0.769306 0.0571858 
0.00808546 0.100136 0.019829 0.87195 
0.00860495 0.339685 0.0245006 0.62721 
0.0123493 0.0986943 0.8418 0.0471564 
0.0105946 0.063398 0.880645 0.0453625 
0.00498094 0.067074 0.0157748 0.91217 
0.00404345 0.0522174 0.0122611 0.931478 
0.0252501 0.352906 0.551224 0.0706196 
0.0659369 0.192027 0.665331 0.0767048 
0.0177867 0.801271 0.129205 0.0517374 
0.0136578 0.497322 0.437631 0.0513896 
0.00643905 0.126844 0.0173817 0.849335 
0.00469797 0.0769589 0.0143916 0.903952 
0.0179924 0.79116 0.0950731 0.0957748 
0.00452696 0.0638059 0.0133899 0.918277 
0.00953743 0.488584 0.036463 0.465416 
0.00467631 0.0680946 0.0140337 0.913195 
0.00493669 0.089739 0.0149937 0.890331 
0.0193439 0.826022 0.0729674 0.0816671 
0.00993524 0.236582 0.0316171 0.721866 
0.0306393 0.532465 0.0892198 0.347676 
0.00484021 0.0778652 0.0148949 0.9024 
0.00472993 0.0699946 0.014325 0.91095 
0.080264 0.452897 0.307574 0.159264 
0.166564 0.483694 0.0924914 0.257251 
0.0134349 0.207041 0.73123 0.0482937 
0.00435305 0.0566363 0.0131232 0.925887 
0.0182199 0.498868 0.41495 0.0679626 
0.00404922 0.0535297 0.0122614 0.93016 
0.0244999 0.703776 0.0603536 0.21137 
0.00460874 0.0814274 0.014138 0.899826 
0.0304654 0.690457 0.182021 0.097056 
