0.0053772 0.106242 0.0184641 0.869917 
0.0168007 0.692919 0.219334 0.0709461 
0.0108256 0.0928197 0.847349 0.0490062 
0.0228563 0.117801 0.794028 0.0653144 
0.0673421 0.526315 0.18918 0.217163 
0.0753052 0.40475 0.354771 0.165174 
0.00480644 0.0554642 0.0134288 0.9263 
0.00585989 0.124945 0.0180133 0.851182 
0.00524646 0.122269 0.0165039 0.85598 
0.0181367 0.714092 0.0838652 0.183906 
0.0143228 0.414657 0.0507473 0.520273 
0.0179793 0.663611 0.212688 0.105722 
0.0144602 0.237625 0.0285814 0.719333 
0.0169564 0.73593 0.0475883 0.199526 
0.00478985 0.0728455 0.0155795 0.906785 
0.012829 0.418456 0.0310259 0.537689 
0.0155162 0.767282 0.0530882 0.164114 
0.00400027 0.051148 0.0121738 0.932678 
0.00480214 0.0832926 0.0144458 0.89746 
0.01931 0.570184 0.248993 0.161513 
0.0245871 0.23803 0.0316813 0.705702 
0.00395973 0.0505005 0.0120311 0.933509 
0.0188586 0.256212 0.664159 0.0607705 
0.0194727 0.755286 0.134868 0.0903733 
0.0532732 0.423099 0.0478324 0.475796 
0.00904281 0.46289 0.0274275 0.50064 
0.0135119 0.148805 0.767313 0.0703698 
0.00527201 0.0870816 0.0148997 0.892747 
0.0124531 0.240409 0.0265985 0.720539 
0.00592599 0.070569 0.0158076 0.907697 
0.0154023 0.575341 0.347357 0.0618999 
0.0175074 0.80202 0.113877 0.0665958 
0.0172232 0.696866 0.177653 0.108258 
0.0718023 0.286341 0.557791 0.0840654 
0.0287502 0.396695 0.444676 0.129879 
0.00747136 0.343373 0.0239294 0.625226 
0.0154952 0.097706 0.830291 0.0565082 
0.0241438 0.755818 0.139724 0.0803147 
0.0326209 0.70635 0.190801 0.0702285 
0.0118199 0.259821 0.025274 0.703086 
0.00608572 0.0835382 0.0163719 0.894004 
0.0212855 0.719438 0.0837117 0.175565 
0.00445365 0.056348 0.0139024 0.925296 
0.0185898 0.517621 0.381461 0.082329 
0.01554 0.321745 0.508255 0.15446 
0.00386317 0.0468023 0.0117499 0.937585 
0.00391325 0.0482742 0.0118105 0.936002 
0.0407824 0.215105 0.656817 0.0872957 
0.0048323 0.0723552 0.015607 0.907205 
0.0185559 0.449222 0.045726 0.486497 
0.00565589 0.109747 0.0195017 0.865095 
0.00548255 0.0937051 0.0153986 0.885414 
0.0137635 0.434355 0.296955 0.254926 
0.0042514 0.0560793 0.0127868 0.926883 
0.00827491 0.314543 0.0272393 0.649943 
0.00462365 0.0747804 0.0145114 0.906085 
0.0247237 0.6418 0.233264 0.100212 
0.0388784 0.589871 0.0524162 0.318835 
0.00555589 0.129551 0.0170928 0.8478 
0.0243016 0.719921 0.157882 0.097896 
0.0242599 0.589391 0.314952 0.071397 
0.0129636 0.44825 0.0644911 0.474296 
0.0162701 0.625889 0.286221 0.0716193 
0.00812578 0.283399 0.0280077 0.680467 
0.0275394 0.63962 0.0732394 0.259601 
0.0135839 0.440247 0.0358297 0.510339 
0.00395519 0.0505841 0.0120429 0.933418 
0.103695 0.371457 0.444357 0.0804905 
0.0365987 0.794867 0.0747933 0.0937405 
0.0089997 0.157344 0.0212414 0.812415 
0.0185842 0.792439 0.13117 0.0578063 
0.00391431 0.0490412 0.0120204 0.935024 
0.00401457 0.051813 0.0123767 0.931796 
0.00546654 0.0864398 0.0160186 0.892075 
0.00442707 0.0674583 0.0135376 0.914577 
0.0213873 0.754612 0.153395 0.070606 
0.0129663 0.604399 0.0491232 0.333511 
0.00726727 0.0940057 0.0265692 0.872158 
0.0350938 0.725402 0.11746 0.122044 
0.0266322 0.643693 0.237046 0.0926282 
0.00521657 0.0828783 0.0217723 0.890133 
0.00443885 0.0587839 0.0133548 0.923422 
0.0366188 0.544885 0.253378 0.165118 
0.0215294 0.346803 0.0359088 0.595759 
0.0118484 0.120384 0.821655 0.0461121 
0.0143688 0.416156 0.0331596 0.536316 
0.00628605 0.153558 0.0202404 0.819916 
0.0112055 0.120017 0.81808 0.0506975 
0.00676371 0.182695 0.0201047 0.790436 
0.0205733 0.661625 0.185299 0.132502 
0.0137267 0.667611 0.0384638 0.280198 
0.00666885 0.237276 0.0210598 0.734995 
0.0224523 0.498604 0.115216 0.363728 
0.0230086 0.518443 0.0599212 0.398627 
0.0048595 0.0836789 0.0147356 0.896726 
0.00575673 0.15588 0.0177701 0.820593 
0.00567725 0.100948 0.0183128 0.875062 
0.0208231 0.488903 0.408097 0.0821773 
0.0634267 0.29201 0.0714081 0.573155 
0.0206279 0.624905 0.274036 0.080431 
0.0199831 0.71792 0.155552 0.106545 
0.0270893 0.667169 0.120032 0.18571 
0.0185432 0.610194 0.303139 0.0681235 
0.0331167 0.245323 0.638595 0.082965 
0.00508094 0.106678 0.0153495 0.872892 
0.00617124 0.104005 0.0168768 0.872947 
0.0119409 0.12132 0.815351 0.0513881 
0.00449006 0.0629541 0.0133388 0.919217 
0.00888864 0.0864585 0.0196013 0.885052 
0.00720699 0.190544 0.0210031 0.781246 
0.0169046 0.596669 0.261136 0.12529 
0.0516316 0.494042 0.292415 0.161912 
0.0170145 0.291004 0.0407282 0.651253 
0.00733778 0.0949149 0.0223721 0.875375 
0.0211844 0.555644 0.058011 0.365161 
0.0289054 0.33662 0.033232 0.601243 
0.00779794 0.215226 0.0263421 0.750634 
0.00417277 0.0537639 0.0129886 0.929075 
0.00972582 0.263844 0.0223567 0.704074 
0.00800364 0.217804 0.0255758 0.748616 
0.0102111 0.394122 0.0444798 0.551187 
0.00945644 0.283287 0.0242446 0.683012 
0.0066492 0.209671 0.021683 0.761997 
0.0187314 0.805937 0.0591098 0.116222 
0.0294794 0.767754 0.136079 0.0666883 
0.0158512 0.259623 0.030373 0.694152 
0.0048303 0.0889492 0.0153871 0.890833 
0.010518 0.087673 0.0205853 0.881224 
0.0180077 0.817403 0.0680438 0.0965455 
0.0205 0.450594 0.461017 0.0678892 
0.0403717 0.496536 0.370448 0.0926442 
0.0182208 0.239653 0.673832 0.0682937 
0.0270171 0.288804 0.581915 0.102264 
0.00930459 0.0560966 0.891361 0.0432382 
0.00699861 0.213605 0.0193513 0.760045 
0.0103288 0.427623 0.0294104 0.532638 
0.0184137 0.690508 0.245501 0.0455767 
0.0131627 0.245393 0.577955 0.163489 
0.0755689 0.44579 0.0978075 0.380834 
0.0116914 0.29352 0.171136 0.523653 
0.0109318 0.0850325 0.85581 0.0482253 
0.0110083 0.567199 0.0360505 0.385742 
0.00642457 0.257104 0.0197536 0.716718 
0.0235986 0.650509 0.177756 0.148136 
0.0384392 0.168936 0.67693 0.115695 
0.0136875 0.289627 0.0376321 0.659053 
0.0177996 0.251606 0.649565 0.0810297 
0.00494901 0.0727026 0.0151801 0.907168 
0.0202493 0.636599 0.106858 0.236294 
0.103258 0.356194 0.436527 0.104021 
0.00905668 0.153821 0.0494856 0.787637 
0.0155866 0.592433 0.173922 0.218058 
0.0103058 0.504864 0.0439539 0.440876 
0.0203998 0.853813 0.0766209 0.0491667 
0.0161413 0.79687 0.0976664 0.0893227 
0.0236619 0.517021 0.114143 0.345174 
0.00500394 0.0769722 0.0148969 0.903127 
0.025343 0.514053 0.375385 0.0852188 
0.0151117 0.647185 0.274943 0.0627606 
0.0178178 0.349489 0.2105 0.422193 
0.0171618 0.733028 0.131044 0.118766 
0.035843 0.261549 0.583936 0.118672 
0.00893404 0.0584412 0.889952 0.0426732 
0.0048465 0.067598 0.015086 0.91247 
0.0107072 0.0733624 0.868499 0.0474317 
0.0228376 0.68784 0.114964 0.174359 
0.00721985 0.157514 0.0191197 0.816146 
0.0449643 0.400375 0.0641477 0.490513 
0.0122797 0.0970316 0.835711 0.0549775 
0.0135476 0.211504 0.0243506 0.750598 
0.00719469 0.15151 0.0192988 0.821996 
0.00806629 0.185866 0.0212744 0.784794 
0.0193284 0.811065 0.113208 0.056399 
0.0180559 0.701504 0.180733 0.0997066 
0.0462679 0.52395 0.0666683 0.363114 
0.0149287 0.239631 0.665387 0.0800533 
0.0166569 0.28506 0.64125 0.0570332 
0.0232161 0.732219 0.168672 0.0758923 
0.00641531 0.163343 0.0216545 0.808588 
0.00994 0.555172 0.0302276 0.404661 
0.306248 0.093871 0.523964 0.0759165 
0.0139698 0.76825 0.044861 0.172919 
0.0071249 0.233474 0.0224772 0.736924 
0.0292352 0.414519 0.0968517 0.459394 
0.0065571 0.244964 0.0208223 0.727656 
0.0125273 0.122558 0.7639 0.101014 
0.0139527 0.202715 0.716786 0.0665465 
0.0206545 0.722436 0.204887 0.0520229 
0.00826113 0.252366 0.0228959 0.716477 
0.0186647 0.773704 0.13617 0.0714612 
0.0243828 0.254508 0.0341893 0.686919 
0.00429391 0.0580408 0.012741 0.924924 
0.00460644 0.0727947 0.0142465 0.908352 
0.00771638 0.184472 0.0216321 0.786179 
0.0403266 0.320749 0.564817 0.074107 
0.00931849 0.216455 0.0347432 0.739483 
0.00562482 0.144925 0.0179346 0.831515 
0.0385695 0.15861 0.0656946 0.737126 
0.012616 0.460469 0.0326197 0.494295 
0.00744578 0.0960411 0.0173374 0.879176 
0.00510724 0.111539 0.0156216 0.867732 
0.0154781 0.665644 0.261713 0.057165 
0.0168866 0.549085 0.0374476 0.396581 
0.00448439 0.0648724 0.01355 0.917093 
0.00576892 0.0940263 0.0163352 0.88387 
0.0296628 0.392358 0.280039 0.29794 
0.0100108 0.0738509 0.869511 0.0466272 
0.0108319 0.45017 0.0322063 0.506792 
0.0040142 0.0524025 0.0121987 0.931385 
0.0896029 0.448006 0.153888 0.308503 
0.0252258 0.607488 0.0587048 0.308581 
0.00398084 0.0493825 0.0122597 0.934377 
0.0217675 0.651767 0.26668 0.0597848 
0.0126907 0.709565 0.0391521 0.238592 
0.0223804 0.198574 0.719286 0.0597592 
0.00453293 0.0712569 0.0139555 0.910255 
0.00414095 0.0518455 0.0143276 0.929686 
0.0115206 0.0730454 0.863503 0.0519313 
0.0145885 0.332583 0.0294533 0.623375 
0.0350552 0.761662 0.133716 0.0695669 
0.00825759 0.379337 0.0259091 0.586496 
0.0457992 0.325082 0.0880132 0.541106 
0.0325646 0.420564 0.383749 0.163123 
0.00629581 0.145769 0.0180378 0.829897 
0.0756451 0.402207 0.0471858 0.474962 
0.00483936 0.0866178 0.0154304 0.893112 
0.00929298 0.354759 0.0255014 0.610447 
0.0119814 0.649788 0.0425132 0.295717 
0.0123241 0.36526 0.0352817 0.587134 
0.00434142 0.0616725 0.0134118 0.920574 
0.0104042 0.626283 0.0310106 0.332302 
0.0153158 0.444449 0.0683822 0.471853 
0.00403973 0.0512046 0.0123828 0.932373 
0.0185823 0.706676 0.219761 0.0549807 
0.023393 0.680435 0.0524785 0.243693 
0.0170648 0.628951 0.0460887 0.307896 
0.0205405 0.693336 0.0884715 0.197652 
0.0187003 0.469745 0.413375 0.0981791 
0.00809112 0.407032 0.0259149 0.558962 
0.00541023 0.0879779 0.0161627 0.890449 
0.0135024 0.492222 0.0496871 0.444589 
0.0155775 0.179619 0.719531 0.0852728 
0.0208974 0.450377 0.374269 0.154457 
0.00983725 0.0807621 0.865512 0.0438884 
0.0101471 0.408245 0.028548 0.55306 
0.0181121 0.642699 0.270121 0.0690676 
0.0164447 0.219253 0.703032 0.06127 
0.0150389 0.646955 0.0405243 0.297482 
0.0390467 0.538639 0.326765 0.0955488 
0.0170792 0.166511 0.703738 0.112672 
0.0150447 0.100982 0.824017 0.0599566 
0.0578824 0.365769 0.484251 0.0920977 
0.01264 0.476867 0.091889 0.418604 
0.0131987 0.545053 0.0422281 0.39952 
0.0172994 0.340492 0.569809 0.0723998 
0.0137249 0.715171 0.0618746 0.209229 
0.0258356 0.752652 0.157159 0.0643534 
0.050876 0.517273 0.1321 0.299751 
0.0589272 0.419818 0.116195 0.40506 
0.0117202 0.701857 0.0468439 0.239579 
0.144035 0.295721 0.0622896 0.497955 
0.00949643 0.175285 0.0297386 0.78548 
0.0170331 0.215227 0.710999 0.0567411 
0.0100988 0.599549 0.0324633 0.357889 
0.0235814 0.74036 0.100901 0.135157 
0.00448472 0.0627901 0.0146001 0.918125 
0.0080578 0.116046 0.0190165 0.85688 
0.0178794 0.692406 0.210869 0.0788451 
0.397113 0.287247 0.12103 0.194611 
0.019244 0.704025 0.0498546 0.226877 
0.0124035 0.135334 0.801682 0.05058 
0.00442012 0.0595406 0.0129438 0.923095 
0.0153662 0.225157 0.702167 0.0573097 
0.00430474 0.0618168 0.0131663 0.920712 
0.021176 0.649114 0.228238 0.101472 
0.00521467 0.0809714 0.0169631 0.896851 
0.00420806 0.0557108 0.0128051 0.927276 
0.00865874 0.491117 0.0273283 0.472896 
0.0135158 0.356509 0.0604655 0.569509 
0.0290431 0.656797 0.151549 0.162611 
0.00832795 0.307629 0.0232722 0.660771 
0.048088 0.505213 0.0802014 0.366498 
0.0304656 0.422455 0.343097 0.203982 
0.0232611 0.589503 0.271025 0.116211 
0.0190447 0.820735 0.115209 0.045011 
0.0801738 0.559967 0.139199 0.22066 
0.0158231 0.575916 0.0618736 0.346387 
0.0216548 0.474118 0.200712 0.303515 
0.0144462 0.295269 0.0404742 0.64981 
0.018279 0.729064 0.0892677 0.163389 
0.0137056 0.502565 0.036187 0.447542 
0.00956261 0.314144 0.0512972 0.624997 
0.00749425 0.308709 0.0227663 0.66103 
0.00990566 0.48444 0.0276882 0.477966 
0.0242152 0.795213 0.107453 0.0731186 
0.0128338 0.171374 0.739836 0.0759568 
0.0101218 0.45939 0.0318656 0.498623 
0.0174567 0.731762 0.150939 0.0998422 
0.0130052 0.176913 0.0381061 0.771976 
0.0144685 0.443389 0.0533596 0.488783 
0.00759497 0.302248 0.022645 0.667512 
0.0194036 0.671088 0.257244 0.0522641 
0.0116062 0.625192 0.033893 0.329308 
0.0113944 0.18995 0.0349046 0.763751 
0.0222403 0.636877 0.200204 0.140679 
0.00952668 0.326497 0.0264638 0.637513 
0.0505706 0.478736 0.0957926 0.374901 
0.0424374 0.59725 0.134207 0.226106 
0.0170483 0.70695 0.226593 0.0494081 
0.0503092 0.587703 0.114789 0.247198 
0.00419619 0.0544148 0.0128795 0.928509 
0.0172904 0.508269 0.0642785 0.410162 
0.00430968 0.0632354 0.0129691 0.919486 
0.011674 0.37237 0.0335933 0.582363 
0.00396087 0.0503287 0.0120488 0.933662 
0.0160475 0.485286 0.158802 0.339864 
0.0164844 0.750666 0.166378 0.066472 
0.0182552 0.466757 0.0469862 0.468001 
0.0184998 0.764459 0.129708 0.087333 
0.0200454 0.545052 0.153888 0.281014 
0.0198066 0.791968 0.109293 0.0789318 
0.0268762 0.675025 0.0574756 0.240623 
0.0177833 0.568771 0.121275 0.292171 
0.0108552 0.104448 0.827338 0.0573587 
0.0567652 0.314702 0.0472458 0.581287 
0.0066017 0.140531 0.0188043 0.834063 
0.00606606 0.109204 0.0172042 0.867526 
0.0221486 0.239069 0.0454535 0.693329 
0.0145963 0.547818 0.0375753 0.40001 
0.00751994 0.140066 0.0196912 0.832723 
0.0040382 0.0546613 0.0122345 0.929066 
0.0110549 0.0714773 0.872181 0.0452864 
0.0246271 0.583242 0.304573 0.0875571 
0.0235973 0.582442 0.052094 0.341866 
0.0478166 0.236638 0.62989 0.0856554 
0.012842 0.153545 0.754983 0.07863 
0.0443822 0.530814 0.0472921 0.377512 
0.00432713 0.0641302 0.0134225 0.91812 
0.00488072 0.0899478 0.0148184 0.890353 
0.00512368 0.11031 0.0160518 0.868515 
0.0167067 0.255669 0.0308115 0.696813 
0.0120995 0.607949 0.0366058 0.343345 
0.0386478 0.305589 0.545029 0.110734 
0.0106488 0.296375 0.0356954 0.657281 
0.0210771 0.69468 0.181027 0.103216 
0.0878655 0.493625 0.118582 0.299928 
0.00411824 0.0543514 0.0124238 0.929107 
0.0694225 0.274122 0.540992 0.115463 
0.0423351 0.620454 0.173988 0.163222 
0.00555332 0.111094 0.0160704 0.867282 
0.0236531 0.524094 0.306436 0.145817 
0.00589456 0.126083 0.019864 0.848159 
0.0096435 0.10592 0.796127 0.0883099 
0.0121972 0.0837912 0.8542 0.049812 
0.00935842 0.0706472 0.875931 0.0440634 
0.0121639 0.223326 0.701953 0.0625573 
0.0592567 0.525105 0.1542 0.261439 
0.0113089 0.115336 0.202375 0.67098 
0.0155267 0.120903 0.809614 0.0539565 
0.0088616 0.50346 0.0273189 0.46036 
0.0191309 0.833204 0.105437 0.0422284 
0.0170729 0.428145 0.147413 0.40737 
0.0305779 0.569009 0.249543 0.15087 
0.0211828 0.241555 0.0435798 0.693683 
0.0292361 0.625503 0.245139 0.100122 
0.0260448 0.717268 0.122736 0.133951 
0.00408593 0.0538904 0.0123094 0.929714 
0.0110117 0.127286 0.775605 0.0860977 
0.0268682 0.806727 0.0988 0.067605 
0.0429288 0.526568 0.31277 0.117734 
0.0238819 0.662154 0.242819 0.0711447 
0.0174886 0.355685 0.0325588 0.594267 
0.00719951 0.263428 0.0226737 0.706699 
0.00872339 0.158231 0.0256629 0.807382 
0.0214463 0.639621 0.282253 0.0566789 
0.0819804 0.331162 0.271741 0.315117 
0.0157962 0.481387 0.44075 0.0620676 
0.00792124 0.250244 0.0259696 0.715865 
0.00646018 0.177828 0.0191028 0.79661 
0.0177932 0.705013 0.17778 0.0994137 
0.0292982 0.728579 0.154877 0.0872457 
0.00859557 0.166944 0.0265335 0.797927 
0.00642447 0.192096 0.0193647 0.782114 
0.0213412 0.539934 0.0548323 0.383892 
0.0621772 0.378121 0.466566 0.0931358 
0.0189203 0.318264 0.0378302 0.624986 
0.100077 0.558135 0.119712 0.222076 
0.0117322 0.221921 0.035222 0.731125 
0.0199383 0.663564 0.0937505 0.222748 
0.00543118 0.0965153 0.015911 0.882143 
0.0212028 0.531206 0.329085 0.118506 
0.00383199 0.04632 0.0116701 0.938178 
0.0252319 0.479689 0.120936 0.374143 
0.0114845 0.0917442 0.831824 0.0649468 
0.010333 0.361355 0.0287386 0.599573 
0.0899308 0.451864 0.234788 0.223417 
0.0263362 0.802975 0.0758668 0.0948218 
0.205149 0.497146 0.151493 0.146212 
0.0108524 0.22571 0.0395695 0.723868 
0.0238746 0.409008 0.118037 0.449081 
0.0177187 0.359341 0.126242 0.496698 
0.0149395 0.345618 0.265696 0.373746 
0.0109539 0.0625115 0.880319 0.0462159 
0.00398652 0.0515644 0.0122905 0.932158 
0.0120505 0.140365 0.792976 0.0546081 
0.0212116 0.507879 0.254197 0.216712 
0.0291157 0.203803 0.692325 0.0747557 
0.00425405 0.0559212 0.0131298 0.926695 
0.00929246 0.0754207 0.870871 0.044416 
0.0208424 0.737631 0.14989 0.0916366 
0.014061 0.608718 0.0556744 0.321547 
0.0652813 0.678827 0.154745 0.101147 
0.00718145 0.134739 0.0191754 0.838904 
0.00498243 0.0869989 0.0148448 0.893174 
0.058337 0.395263 0.205729 0.340671 
0.00753615 0.169279 0.0262437 0.796941 
0.0191552 0.657862 0.206958 0.116025 
0.00877353 0.257372 0.0245671 0.709287 
0.0217694 0.392138 0.474395 0.111697 
0.00909679 0.442034 0.0281657 0.520704 
0.010156 0.391596 0.0374434 0.560805 
0.0130176 0.633137 0.0470711 0.306775 
0.00594424 0.155048 0.0180532 0.820954 
0.00860196 0.220069 0.0317332 0.739596 
0.00667153 0.246106 0.0202693 0.726953 
0.00424541 0.0621944 0.0131022 0.920458 
0.00400879 0.0516266 0.0123566 0.932008 
0.0132714 0.306368 0.0402399 0.640121 
0.0222229 0.569551 0.0442283 0.363997 
0.0106589 0.484985 0.0312689 0.473088 
0.0148895 0.168642 0.759169 0.0573 
0.019209 0.780526 0.051245 0.14902 
0.00467961 0.0694706 0.0142518 0.911598 
0.0118448 0.547224 0.0628207 0.378111 
0.00390271 0.0474393 0.0118248 0.936833 
0.0248763 0.684682 0.170727 0.119714 
0.0171456 0.711491 0.0933469 0.178016 
0.0369969 0.512067 0.313364 0.137572 
0.0159428 0.506105 0.396702 0.0812505 
0.0042409 0.0534431 0.0128568 0.929459 
0.00407203 0.0536793 0.0124391 0.92981 
0.00965726 0.208843 0.025205 0.756295 
0.0145982 0.145246 0.778695 0.0614604 
0.00782778 0.19708 0.0249665 0.770126 
0.0225018 0.46322 0.425433 0.0888451 
0.0257745 0.373158 0.508393 0.0926739 
0.0482698 0.500404 0.361705 0.0896221 
0.0182079 0.470746 0.426119 0.0849264 
0.022902 0.480059 0.0411974 0.455841 
0.0182944 0.844057 0.080473 0.0571761 
0.00517284 0.101867 0.0158059 0.877155 
0.0274564 0.383996 0.109284 0.479263 
0.0245864 0.593793 0.315654 0.0659668 
0.045076 0.319058 0.495282 0.140584 
0.00494993 0.0939929 0.0151651 0.885892 
0.0269345 0.288295 0.0439633 0.640807 
0.0201689 0.308913 0.0512408 0.619677 
0.0120611 0.13608 0.806321 0.0455377 
0.00903279 0.296176 0.0266875 0.668104 
0.00825186 0.303528 0.0363515 0.651869 
0.005874 0.0778282 0.0159051 0.900393 
0.0241069 0.396787 0.129706 0.4494 
0.020528 0.449602 0.451285 0.0785848 
0.00650478 0.148351 0.0194923 0.825652 
0.0138486 0.249929 0.02664 0.709582 
0.00569792 0.0916408 0.0190319 0.883629 
0.00660946 0.10481 0.0204135 0.868167 
0.0242321 0.406912 0.0544685 0.514388 
0.0124731 0.213223 0.669314 0.10499 
0.124952 0.527159 0.160875 0.187014 
0.00423407 0.0597082 0.013441 0.922617 
0.0115148 0.124574 0.802653 0.061258 
0.0140056 0.0674042 0.868438 0.0501521 
0.0194462 0.526146 0.0738415 0.380566 
0.0328571 0.750264 0.086946 0.129932 
0.00512273 0.118112 0.0158811 0.860884 
0.019117 0.322761 0.570447 0.0876755 
0.00659763 0.229768 0.0202149 0.743419 
0.00868591 0.447698 0.0265626 0.517054 
0.0318401 0.499745 0.264501 0.203913 
0.0240187 0.304678 0.572217 0.0990863 
0.012333 0.0982515 0.8344 0.0550152 
0.00675611 0.126591 0.0268189 0.839834 
0.00393092 0.0494555 0.0120984 0.934515 
0.0223157 0.744486 0.171816 0.0613826 
0.00583384 0.13883 0.0175739 0.837762 
0.00665112 0.198999 0.0227077 0.771643 
0.0346102 0.643741 0.200541 0.121107 
0.0175502 0.775856 0.159607 0.0469869 
0.0181427 0.773181 0.150381 0.058296 
0.0179583 0.837231 0.0725976 0.0722131 
0.0180135 0.409067 0.0810692 0.49185 
0.0217407 0.702451 0.0900772 0.185731 
0.00871194 0.484222 0.0277357 0.47933 
0.0325073 0.464768 0.131498 0.371226 
0.00848991 0.397256 0.0260763 0.568178 
0.010462 0.557298 0.0313476 0.400893 
0.0172871 0.073927 0.853792 0.0549941 
0.00706395 0.28156 0.021902 0.689474 
0.00561892 0.09644 0.0249737 0.872967 
0.0180578 0.784083 0.0707898 0.12707 
0.0134992 0.708775 0.0415732 0.236152 
0.00446184 0.0657956 0.0137069 0.916036 
0.00520907 0.101565 0.0155468 0.877679 
0.00464284 0.0796375 0.0146411 0.901079 
0.0187556 0.706258 0.0576884 0.217298 
0.0284454 0.370949 0.47255 0.128055 
0.00820109 0.395411 0.0252061 0.571182 
0.0380506 0.437372 0.427212 0.0973652 
0.00428064 0.0592921 0.0130769 0.92335 
0.0207467 0.667605 0.195956 0.115692 
0.0169287 0.651549 0.0764811 0.255041 
0.00737911 0.253167 0.024331 0.715123 
0.012355 0.411594 0.0378461 0.538205 
0.00433134 0.0590733 0.0133022 0.923293 
0.00397357 0.0506561 0.012299 0.933071 
0.0267218 0.729554 0.174779 0.0689459 
0.0175841 0.822357 0.11649 0.0435692 
0.00902515 0.277784 0.0251919 0.687999 
0.0117548 0.538092 0.0404776 0.409676 
0.00404837 0.0514559 0.0123654 0.93213 
0.0186364 0.522095 0.0501287 0.409139 
0.0734895 0.564153 0.204262 0.158096 
0.00475646 0.0818081 0.0143623 0.899073 
0.0136305 0.378518 0.0388771 0.568974 
0.212057 0.546211 0.074305 0.167427 
0.00586974 0.171742 0.0183812 0.804007 
0.0221638 0.297198 0.577668 0.10297 
0.0229845 0.261549 0.0890134 0.626454 
0.0277396 0.141447 0.661198 0.169615 
0.00557208 0.0675765 0.0149523 0.911899 
0.00669824 0.102439 0.0169517 0.873911 
0.00412958 0.0553909 0.0125998 0.92788 
0.00796168 0.335132 0.0242245 0.632682 
0.0310258 0.293307 0.0360209 0.639646 
0.00691178 0.155506 0.0189054 0.818677 
0.0141667 0.66879 0.0484271 0.268616 
0.00438444 0.0588553 0.0131434 0.923617 
0.00805107 0.417319 0.0251477 0.549482 
0.0131458 0.143481 0.793419 0.0499545 
0.0157516 0.150519 0.780343 0.053386 
0.0161927 0.268506 0.646487 0.0688141 
0.0103006 0.113335 0.819928 0.0564355 
0.00535266 0.123505 0.0167989 0.854343 
0.0143491 0.702413 0.0723383 0.2109 
0.00963749 0.390965 0.0398268 0.559571 
0.00624636 0.132154 0.0214262 0.840173 
0.00873397 0.351152 0.0254422 0.614672 
0.0109242 0.150202 0.0399584 0.798916 
0.0123509 0.29386 0.0459273 0.647862 
0.0152614 0.774992 0.0468439 0.162903 
0.00797986 0.320313 0.0247851 0.646922 
0.0269005 0.560396 0.291805 0.120899 
0.00955528 0.53863 0.0294555 0.422359 
0.00476998 0.078826 0.0155034 0.900901 
0.00936317 0.390258 0.0257076 0.574671 
0.00400052 0.0532722 0.0121661 0.930561 
0.0108796 0.172652 0.153837 0.662631 
0.0245537 0.463506 0.144478 0.367463 
0.0201759 0.712375 0.132552 0.134897 
0.0135469 0.29334 0.0294333 0.66368 
0.00726093 0.269628 0.0240242 0.699087 
0.0223201 0.134753 0.777476 0.0654511 
0.00401646 0.0517298 0.0122255 0.932028 
0.0122997 0.661849 0.0362933 0.289558 
0.0348797 0.548064 0.250973 0.166084 
0.0191357 0.573419 0.0605551 0.34689 
0.00683148 0.166862 0.0190858 0.807221 
0.0212989 0.389371 0.481851 0.107479 
0.0189485 0.784643 0.0552749 0.141134 
0.00690957 0.0746788 0.0168526 0.901559 
0.0337737 0.31144 0.574251 0.0805357 
0.00390257 0.0478083 0.0119712 0.936318 
0.00396406 0.0487424 0.0121228 0.935171 
0.0124721 0.222935 0.713018 0.0515749 
0.0067132 0.154148 0.0179996 0.821139 
0.0205953 0.483311 0.433543 0.0625509 
0.00502683 0.0743388 0.015286 0.905348 
0.0135684 0.516682 0.0990193 0.37073 
0.0739526 0.34818 0.484511 0.0933566 
0.00401804 0.0533074 0.0122862 0.930388 
0.0177076 0.66895 0.153214 0.160128 
0.0158942 0.659437 0.0779761 0.246692 
0.00414389 0.0528638 0.0126662 0.930326 
0.00441089 0.0642982 0.0133479 0.917943 
0.00656019 0.102087 0.0178459 0.873507 
0.0198663 0.550352 0.100213 0.329569 
0.0203507 0.117504 0.785869 0.076276 
0.115598 0.396789 0.219698 0.267914 
0.0232468 0.263971 0.626 0.0867823 
0.0172025 0.303586 0.0309568 0.648254 
0.016814 0.795996 0.117771 0.0694186 
0.00491181 0.0781285 0.0144285 0.902531 
0.0143664 0.666653 0.0737932 0.245187 
0.0190937 0.524882 0.390766 0.0652577 
0.0057538 0.105136 0.0174737 0.871637 
0.0634822 0.491038 0.3575 0.0879798 
0.0746389 0.343891 0.454055 0.127415 
0.0116219 0.557694 0.0331707 0.397514 
0.014195 0.331807 0.576349 0.0776496 
0.00400668 0.0519033 0.012341 0.931749 
0.013348 0.328198 0.0440061 0.614448 
0.0658746 0.382905 0.47688 0.07434 
0.0491531 0.245895 0.601143 0.103809 
0.0163761 0.0680033 0.86642 0.0492003 
0.0113179 0.105938 0.819316 0.0634285 
0.00526609 0.108634 0.015855 0.870245 
0.0140517 0.613979 0.318837 0.0531316 
0.0143884 0.127453 0.800072 0.0580866 
0.0287435 0.683019 0.0868569 0.20138 
0.0345089 0.116155 0.787182 0.0621541 
0.0178715 0.674929 0.198767 0.108433 
0.00417666 0.0566472 0.0125505 0.926626 
0.0111169 0.30426 0.0342482 0.650375 
0.0052047 0.0882997 0.0152007 0.891295 
0.00696706 0.200149 0.0229324 0.769952 
0.0171674 0.737627 0.124344 0.120861 
0.0148801 0.218661 0.0608375 0.705622 
0.132144 0.415748 0.230676 0.221432 
0.0138399 0.0778091 0.858508 0.0498431 
0.00860871 0.336465 0.0269192 0.628007 
0.0234786 0.667321 0.0478137 0.261387 
0.0124085 0.273943 0.0274027 0.686246 
0.0207475 0.806523 0.0792961 0.0934332 
0.0273717 0.488482 0.0891527 0.394994 
0.00456614 0.0745016 0.0138236 0.907109 
0.0998236 0.541618 0.238374 0.120184 
0.00757636 0.156409 0.0202356 0.815779 
0.0352369 0.447968 0.450582 0.066213 
0.0154027 0.101609 0.0211396 0.861849 
0.0107985 0.225116 0.0292251 0.73486 
0.0175542 0.44698 0.480332 0.0551339 
0.117245 0.36069 0.205621 0.316444 
0.00569483 0.0746026 0.01571 0.903993 
0.0290363 0.469884 0.378777 0.122302 
0.0143031 0.240992 0.027441 0.717264 
0.00752036 0.152068 0.0248158 0.815596 
0.0072024 0.22566 0.0205417 0.746596 
0.0163666 0.186864 0.72656 0.0702099 
0.0139823 0.196292 0.666495 0.123231 
0.00490006 0.0803656 0.0143362 0.900398 
0.0303659 0.58084 0.281191 0.107603 
0.00700245 0.157994 0.01958 0.815423 
0.00674052 0.137043 0.0202513 0.835965 
0.0044575 0.0741415 0.0137276 0.907673 
0.00894662 0.517371 0.0280246 0.445658 
0.0141103 0.0786694 0.853934 0.0532865 
0.00475016 0.0768708 0.0140224 0.904357 
0.00610128 0.149186 0.0178019 0.826911 
0.00632566 0.209017 0.0191286 0.765529 
0.0178346 0.187461 0.71863 0.0760748 
0.0056349 0.102912 0.0156402 0.875813 
0.011878 0.132107 0.793626 0.0623888 
0.0139693 0.502051 0.0395101 0.44447 
0.014565 0.362747 0.371122 0.251566 
0.0156781 0.788616 0.109917 0.0857888 
0.00605025 0.13156 0.0190481 0.843342 
0.014941 0.519984 0.233926 0.231149 
0.00895236 0.401924 0.0328458 0.556278 
0.00555986 0.125704 0.016847 0.851889 
0.0148695 0.658395 0.26996 0.0567758 
0.00783502 0.266451 0.0257692 0.699944 
0.0055592 0.0995722 0.0199288 0.87494 
0.00931949 0.083291 0.858767 0.0486228 
0.0167226 0.787125 0.0506258 0.145527 
0.0155407 0.349706 0.0293442 0.605409 
0.0138292 0.310305 0.0292207 0.646646 
0.00717387 0.237553 0.0213824 0.73389 
0.00396923 0.050118 0.0121937 0.933719 
0.0185372 0.73092 0.0741269 0.176416 
0.0340722 0.582963 0.202599 0.180366 
0.0634579 0.312371 0.500868 0.123303 
0.00433274 0.0535192 0.0128559 0.929292 
0.016302 0.806551 0.0556213 0.121526 
0.00439397 0.0667304 0.0135211 0.915354 
0.00927298 0.33699 0.0287118 0.625026 
0.00534738 0.0859956 0.0150901 0.893567 
0.00513066 0.104612 0.0156386 0.874619 
0.00695206 0.155051 0.0226794 0.815318 
0.0308184 0.738967 0.109427 0.120788 
0.0131067 0.070264 0.870008 0.0466216 
0.0049485 0.0909561 0.0148242 0.889271 
0.0143578 0.12364 0.814572 0.0474308 
0.0115999 0.414414 0.0335255 0.54046 
0.0133794 0.110524 0.824087 0.0520101 
0.00954123 0.220035 0.0238833 0.746541 
0.00880531 0.208103 0.0255368 0.757555 
0.0116324 0.414705 0.0309215 0.542741 
0.00535659 0.0876217 0.0150883 0.891933 
0.0150203 0.299569 0.0291936 0.656217 
0.0145288 0.68017 0.0477263 0.257575 
0.00908484 0.0924811 0.022677 0.875757 
0.0277908 0.191657 0.671897 0.108656 
0.00806781 0.198838 0.0214924 0.771602 
0.0293629 0.347544 0.0452148 0.577878 
0.00435021 0.059124 0.0130251 0.923501 
0.0169854 0.805533 0.0588098 0.118672 
0.00533128 0.0875417 0.0198241 0.887303 
0.0218545 0.844561 0.0694556 0.0641286 
0.0326637 0.640048 0.175831 0.151457 
0.0252464 0.299935 0.599567 0.0752523 
0.0297011 0.667345 0.0688278 0.234127 
0.00744528 0.159514 0.0204577 0.812583 
0.0549738 0.655086 0.0866452 0.203295 
0.0100368 0.0624649 0.883996 0.0435024 
0.00498194 0.0610976 0.0148583 0.919062 
0.020597 0.502763 0.404828 0.0718122 
0.00785329 0.338176 0.0236405 0.63033 
0.0366618 0.651764 0.106824 0.20475 
0.00449847 0.0601944 0.0132791 0.922028 
0.0171707 0.17764 0.739727 0.065462 
0.0155474 0.749942 0.183299 0.0512114 
0.0162114 0.313568 0.516558 0.153663 
0.0118191 0.152994 0.771963 0.0632246 
0.0119693 0.101105 0.825422 0.0615037 
0.0043808 0.0520234 0.0127348 0.930861 
0.0106911 0.494079 0.058885 0.436344 
0.00452825 0.0565412 0.0132126 0.925718 
0.0120749 0.119372 0.803704 0.0648493 
0.00422396 0.0585635 0.0128939 0.924319 
0.00940479 0.17552 0.025693 0.789382 
0.00921123 0.378695 0.0282352 0.583859 
0.00509509 0.0726896 0.0149129 0.907302 
0.00723923 0.195715 0.0209965 0.776049 
0.0181097 0.224386 0.139499 0.618005 
0.00475531 0.0777603 0.0142252 0.903259 
0.0378314 0.306078 0.113478 0.542612 
0.0280277 0.323106 0.522977 0.125889 
0.0169211 0.334637 0.0522825 0.596159 
0.020331 0.824463 0.109276 0.0459301 
0.0209354 0.282842 0.0384001 0.657823 
0.00699675 0.197621 0.0211945 0.774188 
0.0257328 0.495728 0.312626 0.165913 
0.0211337 0.702137 0.130838 0.145891 
0.0178645 0.584734 0.107354 0.290047 
0.0384126 0.355608 0.102914 0.503066 
0.0254336 0.329179 0.0377289 0.607658 
0.0729242 0.274981 0.0510812 0.601014 
0.00437653 0.0637709 0.0130307 0.918822 
0.00515861 0.106517 0.017683 0.870642 
0.00383973 0.0465627 0.0116662 0.937931 
0.0918777 0.361236 0.44161 0.105277 
0.00560724 0.0949798 0.0164639 0.882949 
0.0257852 0.665993 0.166957 0.141264 
0.0203786 0.290519 0.103363 0.585739 
0.0173574 0.512337 0.0405817 0.429724 
0.0113479 0.358041 0.0519343 0.578676 
0.0574955 0.322239 0.483186 0.137079 
0.00863949 0.368126 0.0280401 0.595195 
0.0377433 0.44121 0.117192 0.403855 
0.00962215 0.230273 0.0357452 0.72436 
0.017667 0.574492 0.0619761 0.345865 
0.0125754 0.0694156 0.873136 0.0448729 
0.0188768 0.595756 0.306834 0.0785341 
0.0211133 0.331993 0.372419 0.274475 
0.0133817 0.563714 0.372574 0.0503303 
0.0345508 0.323434 0.0431905 0.598824 
0.00896322 0.357503 0.0270382 0.606495 
0.0138811 0.749387 0.049322 0.18741 
0.0286063 0.4958 0.120496 0.355098 
0.0983504 0.497874 0.181576 0.2222 
0.00863663 0.445946 0.0264335 0.518984 
0.00855789 0.349777 0.0328355 0.608829 
0.00461449 0.0686697 0.0141588 0.912557 
0.00497317 0.0617686 0.0134736 0.919785 
0.00413554 0.0545144 0.0124082 0.928942 
0.0198674 0.668107 0.0507788 0.261247 
0.00436972 0.065536 0.0132677 0.916827 
0.00549632 0.0821991 0.0165549 0.89575 
0.0109318 0.444092 0.0303391 0.514637 
0.00926149 0.398719 0.0324462 0.559574 
0.00434565 0.0556404 0.0133492 0.926665 
0.013884 0.572306 0.062865 0.350945 
0.00518858 0.0825582 0.0151551 0.897098 
0.00538684 0.104005 0.016552 0.874056 
0.0563906 0.622366 0.225156 0.0960877 
0.0174293 0.634996 0.0832346 0.26434 
0.0270892 0.626756 0.200061 0.146094 
0.00688071 0.119712 0.0188379 0.85457 
0.0244014 0.493248 0.398582 0.0837684 
0.0102795 0.132864 0.773928 0.0829287 
0.00432865 0.0593422 0.0135896 0.92274 
0.0184016 0.8121 0.102104 0.0673941 
0.00466051 0.0711287 0.0147535 0.909457 
0.0376572 0.421654 0.412423 0.128266 
0.00870686 0.211504 0.0250059 0.754784 
0.00395736 0.0501826 0.0120571 0.933803 
0.0429639 0.535542 0.0917689 0.329725 
0.00591442 0.135138 0.0173786 0.841569 
0.013149 0.0888539 0.849862 0.0481356 
0.015962 0.571711 0.0581939 0.354133 
0.0165038 0.550793 0.34332 0.0893833 
0.00584958 0.124402 0.0177985 0.85195 
0.0112624 0.0886948 0.851209 0.048834 
0.027131 0.103645 0.80388 0.0653442 
0.00413414 0.0542007 0.0128531 0.928812 
0.00520135 0.102918 0.0169118 0.874969 
0.0194617 0.811467 0.0930275 0.076044 
0.0181532 0.802497 0.123357 0.0559926 
0.0190141 0.821297 0.0769966 0.0826919 
0.0190743 0.68999 0.0447402 0.246195 
0.0058667 0.105173 0.0216291 0.867331 
0.0178187 0.449557 0.414214 0.118411 
0.0205729 0.64846 0.227652 0.103315 
0.00985643 0.0798235 0.864315 0.0460054 
0.119145 0.25215 0.043331 0.585374 
0.0644978 0.524334 0.103217 0.307951 
0.00814451 0.382582 0.0242061 0.585067 
0.00906622 0.276086 0.031139 0.683709 
0.0164894 0.572521 0.327216 0.0837731 
0.00543351 0.0850717 0.0158696 0.893625 
0.0330126 0.681633 0.19238 0.092974 
0.00654698 0.195705 0.019526 0.778222 
0.00394123 0.0496106 0.0119981 0.93445 
0.0261989 0.159717 0.748266 0.0658179 
0.00963628 0.445109 0.0315517 0.513703 
0.0181116 0.760739 0.158753 0.0623959 
0.0567805 0.366286 0.400402 0.176531 
0.0124477 0.557876 0.0535086 0.376168 
0.0137755 0.124444 0.80767 0.0541103 
0.0248798 0.215102 0.667676 0.0923417 
0.0175204 0.245574 0.587729 0.149177 
0.0222771 0.693368 0.115311 0.169045 
0.00632161 0.121306 0.0281475 0.844225 
0.0342849 0.498735 0.174342 0.292639 
0.016854 0.723873 0.066667 0.192606 
0.0200754 0.740707 0.126817 0.1124 
0.00692736 0.128389 0.0199954 0.844689 
0.0180079 0.585539 0.327366 0.0690872 
0.016107 0.838475 0.0611812 0.0842368 
0.016936 0.779335 0.119018 0.0847101 
0.186123 0.368927 0.190423 0.254526 
0.0152539 0.619981 0.193376 0.171388 
0.00624902 0.17308 0.0221801 0.798491 
0.010346 0.415933 0.0488747 0.524846 
0.0098007 0.320184 0.073526 0.596489 
0.0169319 0.775069 0.154067 0.0539325 
0.028465 0.0900663 0.819198 0.0622706 
0.204024 0.433528 0.18022 0.182228 
0.00593077 0.0871278 0.0179085 0.889033 
0.0147844 0.735943 0.205515 0.0437578 
0.0051161 0.0867288 0.0168458 0.891309 
0.00983216 0.26505 0.0962941 0.628824 
0.0174553 0.839604 0.0601668 0.0827738 
0.0190004 0.736598 0.146371 0.0980299 
0.00744123 0.265713 0.0234111 0.703435 
0.0102521 0.181268 0.0299581 0.778521 
0.016583 0.262226 0.640057 0.0811341 
0.00470713 0.0602946 0.014082 0.920916 
0.0264137 0.281567 0.609964 0.0820553 
0.00876551 0.253128 0.0236078 0.714499 
0.0191945 0.433922 0.474811 0.0720725 
0.00891662 0.338798 0.0264029 0.625882 
0.0157203 0.714885 0.175237 0.0941576 
0.00586883 0.120604 0.0215883 0.851939 
0.00405512 0.0505919 0.0123178 0.933035 
0.010598 0.405577 0.0473188 0.536506 
0.0211553 0.842895 0.0803141 0.055636 
0.0196996 0.297044 0.406154 0.277102 
0.0498354 0.416571 0.0841195 0.449474 
0.0162359 0.621545 0.0414324 0.320787 
0.00518463 0.0776001 0.014572 0.902643 
0.00605503 0.152995 0.0186061 0.822344 
0.0085791 0.218493 0.0343518 0.738576 
0.0258588 0.499295 0.344805 0.130041 
0.0111187 0.333984 0.0317743 0.623123 
0.00885842 0.468236 0.0273879 0.495518 
0.0180067 0.777933 0.10961 0.0944501 
0.049349 0.331669 0.537271 0.0817106 
0.0207027 0.154288 0.765511 0.0594988 
0.00555825 0.0735369 0.0165725 0.904332 
0.0041693 0.058978 0.012897 0.923956 
0.0123378 0.195983 0.727926 0.0637533 
0.00747406 0.287059 0.0228952 0.682572 
0.0125588 0.57516 0.0343212 0.37796 
0.0236929 0.784183 0.123055 0.069069 
0.0108458 0.266333 0.0248067 0.698015 
0.00656354 0.185281 0.0192338 0.788922 
0.00645536 0.151911 0.0190326 0.822601 
0.00404823 0.0524335 0.012513 0.931005 
0.00824239 0.0738379 0.0201165 0.897803 
0.0516416 0.583555 0.158023 0.206781 
0.0143941 0.12029 0.0351048 0.830211 
0.01722 0.419465 0.437314 0.126001 
0.00501284 0.103981 0.0152737 0.875733 
0.00512954 0.0988496 0.0159593 0.880062 
0.0100583 0.0843048 0.863137 0.0425004 
0.00389664 0.0477527 0.0118684 0.936482 
0.00779042 0.208876 0.0216034 0.76173 
0.0121755 0.701035 0.0446814 0.242108 
0.0120879 0.265086 0.0354524 0.687374 
0.0251622 0.822072 0.0686048 0.0841612 
0.0140095 0.23901 0.0305855 0.716395 
0.0112628 0.497479 0.0362892 0.454969 
0.00419396 0.0556616 0.0129684 0.927176 
0.00917227 0.176751 0.0210537 0.793023 
0.00397041 0.0504521 0.0120682 0.933509 
0.00549348 0.0943214 0.0160767 0.884108 
0.0605231 0.376547 0.377741 0.185189 
0.0189377 0.425273 0.240603 0.315187 
0.0249769 0.206523 0.707495 0.0610055 
0.0101696 0.302596 0.0255528 0.661682 
0.00669369 0.207842 0.0242088 0.761256 
0.00467888 0.0637763 0.0157283 0.915816 
0.00945174 0.162637 0.0296918 0.798219 
0.00710338 0.21313 0.0233016 0.756464 
0.0108462 0.387276 0.0371736 0.564704 
0.00546102 0.101996 0.0162723 0.87627 
0.017948 0.531145 0.372734 0.0781726 
0.00420093 0.0596124 0.0128136 0.923373 
0.024849 0.619617 0.28685 0.0686842 
0.0208148 0.700374 0.125043 0.153769 
0.0262055 0.70853 0.16318 0.102085 
0.046176 0.634834 0.109238 0.209751 
0.0149112 0.697032 0.0651202 0.222936 
0.153514 0.529329 0.114141 0.203017 
0.0133329 0.449913 0.0416988 0.495055 
0.0323037 0.2112 0.0417083 0.714788 
0.00404084 0.0529423 0.0122999 0.930717 
0.00906332 0.357188 0.0258041 0.607944 
0.0241066 0.533307 0.0897943 0.352792 
0.0052281 0.0791819 0.0166769 0.898913 
0.00513759 0.114275 0.0159573 0.86463 
0.0188275 0.510018 0.417529 0.053626 
0.0517798 0.417086 0.404797 0.126337 
0.0256795 0.460026 0.380768 0.133527 
0.0266234 0.460968 0.434757 0.0776518 
0.0121946 0.286632 0.648064 0.0531092 
0.0103866 0.421315 0.0421987 0.5261 
0.00564307 0.154056 0.0172893 0.823012 
0.103618 0.4771 0.0798204 0.339462 
0.00397886 0.0516575 0.012228 0.932136 
0.01295 0.215265 0.10438 0.667405 
0.00780501 0.208685 0.0216568 0.761853 
0.0282746 0.544837 0.087888 0.339 
0.0146791 0.762478 0.071165 0.151678 
0.0144707 0.577121 0.0535817 0.354826 
0.108255 0.547281 0.181751 0.162713 
0.0167137 0.628607 0.204525 0.150154 
0.00626663 0.183209 0.0186221 0.791902 
0.0100239 0.310745 0.0232242 0.656007 
0.0305863 0.468088 0.0474163 0.45391 
0.0251708 0.148967 0.76164 0.0642219 
0.01542 0.75061 0.0734803 0.16049 
0.00622385 0.146684 0.0183163 0.828776 
0.00458501 0.0754226 0.0138415 0.906151 
0.0134312 0.764142 0.0421321 0.180295 
0.0266196 0.726755 0.128444 0.118181 
0.00623436 0.145735 0.0183185 0.829712 
0.00650693 0.0728732 0.0233275 0.897292 
0.00485314 0.0823269 0.0147679 0.898052 
0.0260103 0.216558 0.0363315 0.7211 
0.0162416 0.0967116 0.0212693 0.865777 
0.00398156 0.050845 0.012325 0.932848 
0.0291897 0.689234 0.0985481 0.183028 
0.00977909 0.536406 0.0300188 0.423796 
0.00868793 0.194076 0.0222664 0.77497 
0.00387723 0.048352 0.0118516 0.935919 
0.00451539 0.0652979 0.0137633 0.916423 
0.144492 0.250558 0.0653203 0.53963 
0.0124388 0.292478 0.644196 0.0508874 
0.136185 0.276143 0.0718278 0.515845 
0.015509 0.117906 0.813339 0.0532463 
0.0236338 0.546937 0.0744393 0.35499 
0.0149004 0.499779 0.408456 0.0768646 
0.0056008 0.0672079 0.0167824 0.910409 
0.0155345 0.787771 0.0647819 0.131912 
0.00541469 0.12797 0.0173828 0.849233 
0.0106549 0.643373 0.0331328 0.312839 
0.0378635 0.598968 0.0645339 0.298634 
0.00867153 0.250475 0.0320582 0.708796 
0.0189443 0.791194 0.13019 0.0596722 
0.0346369 0.536382 0.0590729 0.369909 
0.00753253 0.29446 0.0226918 0.675315 
0.0310457 0.344186 0.497414 0.127354 
0.0205519 0.5305 0.332737 0.11621 
0.0128039 0.146248 0.788551 0.0523975 
0.0154989 0.0724098 0.859884 0.0522072 
0.00681753 0.214226 0.0205238 0.758432 
0.0246682 0.41052 0.47995 0.0848618 
0.0203669 0.441899 0.0554489 0.482285 
0.00529752 0.0914938 0.0156151 0.887594 
0.0315564 0.662471 0.230413 0.0755597 
0.0125211 0.565175 0.0729212 0.349383 
0.00541796 0.131276 0.0171175 0.846188 
0.004254 0.0531062 0.0127576 0.929882 
0.0190502 0.238838 0.655647 0.0864647 
0.00719269 0.31687 0.0228322 0.653105 
0.0311142 0.60718 0.143623 0.218083 
0.0111935 0.0919364 0.852889 0.0439816 
0.0161871 0.749234 0.184471 0.0501078 
0.00608162 0.180296 0.0188611 0.794761 
0.0152465 0.616692 0.0596069 0.308455 
0.0137059 0.672231 0.0458938 0.26817 
0.00400687 0.0519058 0.0122057 0.931882 
0.0224876 0.421403 0.478764 0.077345 
0.00781245 0.343349 0.0238861 0.624953 
0.0329532 0.354684 0.114819 0.497544 
0.0206873 0.766165 0.0847492 0.128398 
0.0395091 0.54975 0.220884 0.189857 
0.0967872 0.529723 0.0919532 0.281536 
0.0148103 0.40403 0.527576 0.0535832 
0.0176411 0.678334 0.15922 0.144805 
0.00459214 0.0733358 0.0142071 0.907865 
0.00854496 0.204663 0.0329791 0.753813 
0.0121994 0.559766 0.0648695 0.363165 
0.0189936 0.715312 0.0507511 0.214943 
0.0156981 0.63785 0.104629 0.241822 
0.00615948 0.155389 0.0185775 0.819874 
0.0099148 0.408487 0.0356388 0.545959 
0.0144913 0.418701 0.0330167 0.533791 
0.00591542 0.12751 0.017365 0.84921 
0.0448248 0.386662 0.373417 0.195096 
0.00588613 0.0701161 0.0165604 0.907437 
0.0176052 0.320299 0.566591 0.0955049 
0.00823871 0.296243 0.0255632 0.669955 
0.00394932 0.0499123 0.0121233 0.934015 
0.165918 0.266009 0.308827 0.259245 
0.00574143 0.0819866 0.0175698 0.894702 
0.0341593 0.602205 0.167693 0.195943 
0.00722587 0.06862 0.0174078 0.906746 
0.0125419 0.351512 0.0398612 0.596084 
0.0311639 0.655275 0.171665 0.141896 
0.00814202 0.340221 0.0249662 0.626671 
0.0144621 0.535737 0.0681125 0.381688 
0.0222359 0.793184 0.0836522 0.100928 
0.0157971 0.587278 0.339974 0.0569502 
