0.664805 0.0408934 0.0229014 0.0391556 0.048761 0.0506691 0.0326946 0.0157631 0.0278013 0.030527 0.0260288 
0.725613 0.0415264 0.0665188 0.0297584 0.0335058 0.0228852 0.0174233 0.010467 0.0213264 0.0170812 0.0138946 
0.42786 0.269201 0.033842 0.0438455 0.0420407 0.0428402 0.0278508 0.0299597 0.0306123 0.0307958 0.0211517 
0.256707 0.0766381 0.035739 0.0320019 0.0357565 0.038095 0.424087 0.0238958 0.0223444 0.0376929 0.0170422 
0.0410521 0.427034 0.0358508 0.0330812 0.0231145 0.287392 0.0243347 0.04364 0.0295958 0.0323361 0.0225689 
0.0576666 0.466299 0.0483587 0.0425305 0.0356071 0.0538971 0.13868 0.0544996 0.0346414 0.048092 0.0197279 
0.0506111 0.601017 0.044025 0.0393172 0.0322035 0.051451 0.0278349 0.0587548 0.0364951 0.0396248 0.018666 
0.518738 0.205134 0.0288987 0.0417179 0.0411163 0.0387973 0.0254425 0.024914 0.0275773 0.0274163 0.0202471 
0.0570237 0.381309 0.0491577 0.0778418 0.0383271 0.0525048 0.187625 0.0519823 0.0342339 0.0487842 0.0212104 
0.766275 0.0427415 0.0160469 0.0329958 0.0399286 0.0243872 0.0180665 0.0101041 0.0171153 0.0159538 0.0163856 
0.0308228 0.0283993 0.0261983 0.014726 0.0185577 0.025812 0.780206 0.0183508 0.0120297 0.0358804 0.00901724 
0.358689 0.11392 0.123345 0.0888793 0.0961472 0.0498722 0.035282 0.0303406 0.0444868 0.0345641 0.0244746 
0.0707592 0.00768254 0.00766801 0.0115414 0.00570386 0.845985 0.00896625 0.00570426 0.00719256 0.00767954 0.0211176 
0.0371678 0.0296369 0.0265244 0.0290905 0.0136151 0.0218713 0.0154008 0.770651 0.0225354 0.0216298 0.0118767 
0.0190051 0.0251531 0.858833 0.0100425 0.0107141 0.010459 0.00805926 0.0077879 0.0329245 0.0134237 0.00359807 
0.0185239 0.0240289 0.86197 0.00986129 0.0105485 0.0102478 0.00792993 0.00760081 0.0325202 0.0132551 0.00351311 
0.0191252 0.0275631 0.854869 0.0103082 0.0109286 0.0107967 0.00825312 0.00812467 0.0326005 0.0137246 0.00370584 
0.00644269 0.00292751 0.0046731 0.0063497 0.00197422 0.930323 0.00571621 0.00433652 0.00455138 0.00525338 0.0274523 
0.056751 0.57517 0.0473563 0.0548546 0.0342123 0.0505774 0.0299037 0.0558479 0.0367167 0.0391128 0.0194969 
0.775915 0.0390811 0.0156177 0.0327214 0.0373287 0.0234559 0.0178644 0.00955698 0.0167112 0.0155126 0.0162355 
0.0557776 0.596002 0.0438363 0.0397118 0.0327209 0.0514215 0.0279849 0.0577023 0.0364787 0.0394961 0.0188677 
0.0417547 0.184084 0.0257544 0.0267787 0.0190707 0.0346428 0.0203653 0.575205 0.0260977 0.0307425 0.0155042 
0.0557776 0.596002 0.0438363 0.0397118 0.0327209 0.0514215 0.0279849 0.0577023 0.0364787 0.0394961 0.0188677 
0.0557776 0.596002 0.0438363 0.0397118 0.0327209 0.0514215 0.0279849 0.0577023 0.0364787 0.0394961 0.0188677 
0.775915 0.0390811 0.0156177 0.0327214 0.0373287 0.0234559 0.0178644 0.00955698 0.0167112 0.0155126 0.0162355 
0.556307 0.0577927 0.0335447 0.0537012 0.0456378 0.0513963 0.0754833 0.0229942 0.044186 0.0361525 0.0228045 
0.0506111 0.601017 0.044025 0.0393172 0.0322035 0.051451 0.0278349 0.0587548 0.0364951 0.0396248 0.018666 
0.0369807 0.0544998 0.786419 0.0144461 0.0148037 0.0151901 0.0109863 0.0116052 0.0325895 0.0169245 0.00555489 
0.339562 0.253557 0.0551392 0.0872536 0.0483404 0.0543855 0.0335036 0.0334717 0.0360474 0.034466 0.0242741 
0.0590155 0.111369 0.325574 0.0532022 0.0439637 0.0405797 0.22038 0.0369511 0.0402225 0.0521686 0.0165734 
0.0507758 0.593658 0.0517364 0.0393032 0.0321742 0.050766 0.0282963 0.0579993 0.0372372 0.0396292 0.0184241 
0.775897 0.0390906 0.0156189 0.032722 0.0373285 0.0234578 0.017865 0.0095582 0.0167122 0.0155137 0.0162358 
0.749578 0.0513098 0.0178204 0.0372253 0.0373126 0.0250453 0.0189825 0.0111777 0.0180367 0.016883 0.0166286 
0.0330059 0.124274 0.682684 0.0188044 0.0180921 0.0213679 0.0147732 0.0196067 0.0375101 0.0223062 0.00757578 
0.738453 0.0380075 0.0178219 0.057923 0.0412233 0.0250211 0.0204995 0.0104894 0.0174154 0.0161844 0.0169614 
0.108502 0.0141802 0.0116943 0.0126856 0.787687 0.0136432 0.0087169 0.00805223 0.0125868 0.0110722 0.0111794 
0.0401668 0.0279245 0.823384 0.0129303 0.0133124 0.01241 0.0122729 0.00860604 0.0296162 0.014689 0.00468752 
0.0492867 0.503125 0.167967 0.035569 0.0306538 0.0446031 0.0257781 0.0469764 0.0422163 0.0378943 0.0159297 
0.0694431 0.208743 0.058092 0.0446684 0.0352508 0.0483348 0.394028 0.0441429 0.029929 0.0489269 0.0184414 
0.0530201 0.339721 0.285276 0.0429347 0.0306768 0.0423775 0.0283837 0.0771187 0.0457978 0.0385694 0.0161239 
0.0431646 0.0342102 0.628508 0.0692138 0.0359634 0.036468 0.0258219 0.0295567 0.0518944 0.0314919 0.0137073 
0.0557776 0.596002 0.0438363 0.0397118 0.0327209 0.0514215 0.0279849 0.0577023 0.0364787 0.0394961 0.0188677 
0.3397 0.063119 0.0848259 0.101938 0.0998003 0.0754386 0.05553 0.0335644 0.0698722 0.0449013 0.0313099 
0.0506111 0.601017 0.044025 0.0393172 0.0322035 0.051451 0.0278349 0.0587548 0.0364951 0.0396248 0.018666 
0.111794 0.0755734 0.0348849 0.571465 0.0388922 0.0316003 0.0469921 0.0220517 0.0230754 0.0230277 0.0206435 
0.0246343 0.00377189 0.0079706 0.0110553 0.0060804 0.0139274 0.00964827 0.885588 0.0118158 0.0161984 0.00931 
0.0178876 0.0148432 0.00762457 0.00885891 0.882991 0.0178351 0.00713689 0.00947173 0.0116431 0.0107704 0.0109374 
0.018524 0.0240292 0.86197 0.00986134 0.0105485 0.0102479 0.00792996 0.00760086 0.0325202 0.0132552 0.00351313 
0.0528051 0.57842 0.0459882 0.0537728 0.0338388 0.0503249 0.0298426 0.0598699 0.0364948 0.0392679 0.0193749 
0.639409 0.0532051 0.0373703 0.106599 0.0390737 0.0258205 0.0256327 0.0137849 0.0217726 0.0195273 0.0178049 
0.775915 0.0390811 0.0156177 0.0327214 0.0373287 0.0234559 0.0178644 0.00955698 0.0167112 0.0155126 0.0162355 
0.0299875 0.0424219 0.80713 0.0133681 0.0143817 0.0152708 0.0105477 0.0110267 0.0346771 0.0160159 0.00517302 
0.0557776 0.596002 0.0438363 0.0397118 0.0327209 0.0514215 0.0279849 0.0577023 0.0364787 0.0394961 0.0188677 
0.0235561 0.00491923 0.0250186 0.0108031 0.00653342 0.0132459 0.00931408 0.869409 0.013533 0.0156143 0.00805293 
0.493267 0.077576 0.0373349 0.0689576 0.0852803 0.0461161 0.0730263 0.0265771 0.0308909 0.0368068 0.0241668 
0.11884 0.0309545 0.732693 0.0157067 0.0171343 0.0145218 0.0111678 0.00893714 0.0286662 0.0151709 0.00620833 
0.239505 0.412357 0.0410115 0.0451073 0.0481428 0.0497587 0.029592 0.0407097 0.0354257 0.0363137 0.0220775 
0.457723 0.155269 0.0607518 0.0689724 0.0440453 0.0412556 0.0303898 0.0517523 0.0353072 0.0320324 0.0225009 
0.0185542 0.0241847 0.861648 0.00988207 0.0105663 0.0102731 0.00794493 0.00762464 0.0325232 0.0132768 0.00352204 
0.0506136 0.600944 0.0440211 0.039316 0.0322008 0.0514493 0.0278348 0.058833 0.0364947 0.0396257 0.0186669 
0.123121 0.317824 0.275833 0.0380687 0.0374303 0.0459582 0.0267315 0.0359985 0.0453416 0.0365688 0.017124 
0.775915 0.0390811 0.0156177 0.0327214 0.0373287 0.0234559 0.0178644 0.00955698 0.0167112 0.0155126 0.0162355 
0.146279 0.48127 0.048276 0.0541045 0.0427757 0.0510003 0.0313357 0.04702 0.0377297 0.0384944 0.0217146 
0.239644 0.0308863 0.027252 0.134534 0.0355195 0.0289725 0.421449 0.0172095 0.0180158 0.0293269 0.0171908 
0.0542617 0.596177 0.045739 0.0395161 0.0325544 0.0512602 0.0279019 0.0576725 0.0366653 0.0395126 0.0187388 
0.0648643 0.439996 0.212559 0.0363332 0.0322529 0.0438047 0.0261696 0.0461992 0.0438826 0.0377592 0.0161797 
0.169231 0.0576292 0.0239902 0.288516 0.029184 0.30844 0.0311667 0.0194047 0.0215051 0.0217277 0.0292056 
0.0130325 0.0119999 0.289037 0.00834521 0.00836612 0.0104501 0.00780533 0.00685348 0.626849 0.0120987 0.00516326 
0.0506111 0.601017 0.044025 0.0393172 0.0322035 0.051451 0.0278349 0.0587548 0.0364951 0.0396248 0.018666 
0.690715 0.0477787 0.0263954 0.0697452 0.0390677 0.0266142 0.0225006 0.018792 0.0217984 0.0188761 0.0177168 
0.0391813 0.138897 0.0352185 0.60117 0.0336013 0.0260505 0.0349275 0.0265125 0.0231176 0.0229313 0.0183924 
0.0962307 0.0797555 0.305471 0.0756591 0.0459459 0.0743661 0.0480266 0.0848951 0.087019 0.0763368 0.0262938 
0.0505452 0.591316 0.0545073 0.0388141 0.0320527 0.0505031 0.0276419 0.0570809 0.0396426 0.0395471 0.0183489 
0.759086 0.0380266 0.0163596 0.0435032 0.0377522 0.0240139 0.0199548 0.0103373 0.0173607 0.0169315 0.0166738 
0.0516533 0.567261 0.071905 0.0383963 0.0325395 0.0501342 0.036 0.0547276 0.038482 0.0408455 0.018056 
0.601842 0.042462 0.121486 0.0525373 0.0366662 0.0264094 0.0414774 0.0135312 0.0258651 0.0223833 0.0153402 
0.00948141 0.00956471 0.00705818 0.00885646 0.00330135 0.907552 0.00760999 0.00701011 0.00665618 0.00759526 0.0253141 
0.282344 0.0599361 0.15446 0.0460449 0.15476 0.147296 0.0281789 0.0257406 0.044788 0.0306312 0.0258198 
0.050612 0.600989 0.0440235 0.0393168 0.0322025 0.0514504 0.0278349 0.0587844 0.0364949 0.0396251 0.0186664 
0.0158811 0.0146688 0.0134874 0.850304 0.021785 0.00983685 0.0312803 0.00978948 0.010096 0.00977406 0.0130972 
0.0160036 0.0151079 0.0135866 0.849208 0.0218377 0.0099393 0.0312554 0.00989951 0.0101769 0.00985944 0.0131255 
0.0617807 0.492847 0.085537 0.0529993 0.035241 0.050519 0.0326675 0.0822545 0.0449421 0.0413897 0.019822 
0.556888 0.110096 0.0474439 0.0401108 0.0835393 0.0360719 0.0243005 0.022926 0.0322001 0.0262893 0.0201347 
0.0751678 0.205208 0.144409 0.0655485 0.035411 0.0503816 0.0379788 0.259651 0.0608479 0.0435829 0.0218138 
0.571116 0.0800979 0.0399461 0.100366 0.0419306 0.0325204 0.029255 0.031849 0.0273183 0.0248616 0.020739 
0.0426462 0.372882 0.0354834 0.0345318 0.0452161 0.278111 0.025957 0.0725467 0.0321325 0.0352646 0.025229 
0.0675742 0.395457 0.0980732 0.049066 0.0356891 0.0519298 0.0378911 0.150958 0.0484469 0.0441 0.0208151 
0.207629 0.431767 0.0459807 0.0478167 0.0413563 0.0503891 0.0357442 0.0430215 0.036287 0.0381254 0.0218832 
0.0506111 0.601017 0.044025 0.0393172 0.0322035 0.051451 0.0278349 0.0587548 0.0364951 0.0396248 0.018666 
0.157163 0.037371 0.671673 0.0185162 0.0200151 0.0172283 0.0132643 0.0102823 0.0301596 0.0168717 0.00745527 
0.775803 0.0390885 0.0156212 0.0328119 0.0373272 0.0234536 0.0178719 0.00956057 0.0167119 0.0155138 0.0162368 
0.535897 0.188444 0.0282035 0.0448976 0.0412384 0.0378576 0.0255449 0.0239067 0.0270058 0.0267747 0.0202293 
0.0394239 0.0702644 0.0238887 0.689549 0.0316326 0.0277513 0.0376788 0.0227882 0.0188371 0.0198608 0.0183248 
0.0557776 0.596002 0.0438363 0.0397118 0.0327209 0.0514215 0.0279849 0.0577023 0.0364787 0.0394961 0.0188677 
0.0678549 0.424348 0.0497669 0.0571482 0.0473898 0.0546658 0.0335975 0.0872956 0.110223 0.0437766 0.0239344 
0.653303 0.107051 0.0224556 0.037126 0.0467858 0.0316552 0.0217586 0.0170821 0.0225316 0.0217777 0.0184738 
0.0569255 0.305514 0.049834 0.0412677 0.158949 0.0745409 0.0594363 0.133889 0.0422136 0.0510211 0.0264083 
0.0506112 0.601017 0.044025 0.0393172 0.0322035 0.051451 0.0278349 0.0587548 0.0364951 0.0396248 0.018666 
0.0505172 0.600002 0.0439231 0.0392673 0.0320817 0.053094 0.0278158 0.0585699 0.0364244 0.0395548 0.0187498 
0.0964514 0.0217832 0.0160471 0.725702 0.0266394 0.023746 0.0345974 0.0112362 0.0132394 0.0132336 0.0173247 
0.120815 0.459457 0.046048 0.0532446 0.0470124 0.0578702 0.0606531 0.0507607 0.037861 0.0435692 0.022709 
0.677037 0.0565549 0.0280408 0.0680541 0.0394112 0.0277767 0.0228165 0.0198653 0.0224969 0.0198477 0.0180984 
0.0644015 0.527779 0.0861464 0.0513148 0.0349203 0.0490707 0.0310467 0.0559438 0.040523 0.0398595 0.0189948 
0.0821554 0.0896243 0.645483 0.0283754 0.0272526 0.0233208 0.0170329 0.0176791 0.0366353 0.0228542 0.00958731 
0.0523408 0.572672 0.0526567 0.0433165 0.0335067 0.0514805 0.0320197 0.064059 0.0386642 0.0402964 0.0189872 
0.0516738 0.584476 0.0573839 0.0421228 0.032413 0.0501081 0.028424 0.0578202 0.0376585 0.0394786 0.0184412 
0.753122 0.0355338 0.0155157 0.0330718 0.0479024 0.0379814 0.0176136 0.00986053 0.0167075 0.0154667 0.0172242 
0.0185239 0.0240289 0.86197 0.00986129 0.0105485 0.0102478 0.00792993 0.00760081 0.0325202 0.0132551 0.00351311 
0.113278 0.150401 0.0762439 0.0630264 0.0567683 0.0561285 0.040197 0.330877 0.0453342 0.0430929 0.0246533 
0.0626137 0.578337 0.0538666 0.0406369 0.0341619 0.0506119 0.0281988 0.055702 0.037644 0.0393454 0.0188819 
0.746548 0.0409528 0.0460293 0.0303949 0.0342969 0.0230127 0.0174777 0.0102189 0.020034 0.016623 0.0144119 
0.0554736 0.521563 0.0702533 0.0391315 0.0345738 0.0499717 0.0284692 0.0969769 0.0406069 0.0438947 0.019085 
0.0506953 0.598422 0.0438874 0.0392768 0.0321072 0.0513909 0.0278337 0.06155 0.0364822 0.0396562 0.0186985 
0.0243337 0.0351483 0.782937 0.0128847 0.0141088 0.0154203 0.0503955 0.0116175 0.0281637 0.0196712 0.00531949 
0.0467623 0.0184635 0.0184001 0.742456 0.0251431 0.0380357 0.0309465 0.0142367 0.0161345 0.0141887 0.0352325 
0.083596 0.300405 0.119727 0.0803828 0.0683073 0.0841774 0.0467626 0.0580154 0.0692711 0.0578145 0.0315405 
0.393539 0.256776 0.0344068 0.0775696 0.0456964 0.0433823 0.0309882 0.0312683 0.0316163 0.0317717 0.0229856 
0.0245705 0.112645 0.0170314 0.0190934 0.0166556 0.026555 0.016685 0.0222162 0.707316 0.0236314 0.0135999 
0.771276 0.0386316 0.015693 0.0377175 0.0371894 0.0232183 0.0182088 0.00963699 0.016664 0.0154825 0.016282 
0.286799 0.172749 0.216738 0.0559213 0.0606107 0.0455925 0.0325867 0.0295816 0.0438922 0.0351577 0.0203703 
0.0145675 0.0127368 0.00791578 0.0100647 0.0041242 0.894396 0.00835959 0.00773407 0.00746681 0.00840441 0.0242297 
0.701474 0.0484087 0.0232251 0.0501887 0.049927 0.0319444 0.0227657 0.0132111 0.0220703 0.0187375 0.0180478 
0.0244307 0.0350566 0.832312 0.0119665 0.0124095 0.0127607 0.00927463 0.00999147 0.0325815 0.0148062 0.00440973 
0.775077 0.0391653 0.0164208 0.0327592 0.0371557 0.0234173 0.0178783 0.00959039 0.0168397 0.015559 0.0161375 
0.0520481 0.59782 0.0440223 0.0394648 0.032395 0.0513083 0.0280187 0.0584578 0.0366765 0.0397609 0.0200271 
0.0487227 0.478907 0.198308 0.0347551 0.0301837 0.0433072 0.0252729 0.0450724 0.0427155 0.0373161 0.0154394 
0.0248154 0.0119469 0.020822 0.0706295 0.017832 0.0185499 0.777308 0.0130631 0.00964995 0.0265528 0.00883032 
0.0413713 0.213229 0.0343612 0.498252 0.0343528 0.0314601 0.0404278 0.0331623 0.0261183 0.0272346 0.020031 
0.724468 0.0679697 0.0200368 0.034938 0.0378057 0.0271333 0.0196948 0.0129372 0.0195564 0.0184417 0.017018 
0.00658778 0.00803297 0.00651714 0.0624569 0.862714 0.00929207 0.00854584 0.0078147 0.00942718 0.00869948 0.00991213 
0.0505793 0.592235 0.0559995 0.0388974 0.0321904 0.0504078 0.0275923 0.0568336 0.0375469 0.0394691 0.0182487 
0.0246343 0.00377189 0.0079706 0.0110553 0.0060804 0.0139274 0.00964827 0.885588 0.0118158 0.0161984 0.00931 
0.774129 0.0388742 0.0156439 0.0347038 0.037268 0.0233522 0.0180034 0.009587 0.0166885 0.015497 0.0162533 
0.0358559 0.208289 0.566801 0.0229734 0.0213956 0.0269318 0.0172636 0.0251107 0.0393432 0.0265763 0.00945972 
0.0459025 0.505749 0.039085 0.0378176 0.0422384 0.154444 0.0269833 0.0539737 0.0341132 0.0369932 0.0227008 
0.020344 0.0257645 0.856279 0.010249 0.0110356 0.0106384 0.00818408 0.00788446 0.03242 0.0135128 0.00368863 
0.756561 0.0396149 0.0360624 0.0312367 0.0348777 0.023154 0.0179153 0.0100681 0.0191698 0.0165383 0.0148019 
0.0505925 0.599675 0.0454552 0.0392361 0.0321789 0.0513034 0.0278057 0.058438 0.0370827 0.0396124 0.0186199 
0.0191492 0.0253005 0.858859 0.010096 0.0107435 0.0104782 0.00807633 0.00779589 0.0324636 0.0134326 0.00360464 
0.0506111 0.601017 0.044025 0.0393172 0.0322035 0.051451 0.0278349 0.0587548 0.0364951 0.0396248 0.018666 
0.0506112 0.601015 0.0440249 0.0393172 0.0322034 0.051451 0.0278349 0.0587567 0.0364951 0.0396248 0.018666 
0.763994 0.0456783 0.0164475 0.0333733 0.0373437 0.024382 0.0183551 0.01038 0.0173751 0.0162356 0.0164358 
0.0503127 0.570313 0.0436687 0.0719121 0.0340546 0.0491685 0.0306951 0.0555722 0.0358904 0.0386163 0.0197968 
0.119609 0.0258973 0.0165645 0.706557 0.0296062 0.0179686 0.0288531 0.0115441 0.0139501 0.0133199 0.0161304 
0.0214337 0.0267803 0.851844 0.0110596 0.0114622 0.011015 0.00879391 0.00823963 0.0317502 0.0137593 0.00386222 
0.0232707 0.271496 0.0232622 0.0232507 0.501431 0.0336721 0.0178136 0.0352534 0.0265101 0.0274221 0.0166181 
0.257336 0.408747 0.038251 0.0451558 0.0412457 0.0485055 0.0293214 0.0397549 0.0344281 0.0355252 0.02173 
0.0186054 0.0240434 0.861846 0.00987103 0.0105592 0.0102552 0.00793542 0.00760311 0.0325057 0.0132578 0.00351747 
0.110799 0.0597022 0.0708343 0.144086 0.0620907 0.0656126 0.33565 0.0357755 0.0379901 0.0520442 0.0254149 
0.0942612 0.0293373 0.0176996 0.729756 0.0287513 0.0154635 0.0295445 0.0121183 0.0140517 0.0135224 0.0154942 
0.0166433 0.0147861 0.0135075 0.849248 0.0218838 0.00990664 0.0311587 0.00979123 0.0101389 0.00981239 0.0131236 
0.747205 0.0371463 0.0160059 0.06131 0.0367377 0.0234434 0.0195396 0.00998172 0.0165659 0.0154544 0.0166104 
0.0169845 0.0335521 0.0107722 0.012837 0.0102871 0.848951 0.0103614 0.0117998 0.0111693 0.0115078 0.0217773 
0.073397 0.521352 0.0438926 0.0946519 0.0374722 0.0488644 0.0331439 0.0513826 0.0361486 0.0383292 0.021366 
0.0647915 0.582856 0.0441594 0.0405528 0.0357415 0.0517596 0.0284915 0.056421 0.0365634 0.0393443 0.0193192 
0.213618 0.0213969 0.0220067 0.026982 0.0256856 0.0246096 0.599879 0.0134772 0.0132728 0.0272838 0.0117884 
0.0393517 0.0198356 0.0195067 0.577131 0.0246344 0.0167393 0.245219 0.0134037 0.0124653 0.0184387 0.0132745 
0.0506111 0.601017 0.044025 0.0393172 0.0322035 0.051451 0.0278349 0.0587548 0.0364951 0.0396248 0.018666 
0.620022 0.0602173 0.0415896 0.109423 0.039754 0.0269501 0.0249504 0.0152688 0.0230865 0.0204548 0.0182828 
0.382573 0.191278 0.0367045 0.0578537 0.0609391 0.0817357 0.0335836 0.042027 0.0460975 0.0380584 0.0291496 
0.774518 0.0391648 0.0157859 0.0335128 0.0372833 0.0234671 0.0181239 0.00961281 0.016741 0.0155617 0.0162293 
0.00237554 0.00479205 0.00337299 0.00449405 0.940005 0.00848591 0.00422855 0.00693015 0.00854265 0.0078226 0.00895028 
0.772562 0.0392192 0.0165048 0.0348607 0.0370899 0.0233634 0.0180989 0.00966975 0.0168622 0.0155998 0.0161689 
0.00659705 0.00307311 0.00477705 0.00659092 0.00202801 0.92944 0.00580922 0.00442709 0.00463138 0.00533797 0.0272881 
0.204794 0.0378322 0.613202 0.0224372 0.0219612 0.0193837 0.0140321 0.0106044 0.0298912 0.0174357 0.00842623 
0.0513521 0.598975 0.0456575 0.03932 0.0322537 0.0512817 0.027821 0.0584694 0.0366523 0.0395845 0.0186331 
0.0249837 0.00432874 0.00826839 0.011353 0.0063005 0.0143167 0.00985987 0.882566 0.0120946 0.0164929 0.00943541 
0.760795 0.0377457 0.0158016 0.0423754 0.0359082 0.029122 0.0185523 0.00990294 0.0166606 0.0155624 0.017574 
0.775913 0.039082 0.0156178 0.0327215 0.0373287 0.023456 0.0178645 0.0095571 0.0167113 0.0155127 0.0162355 
0.0185239 0.0240289 0.86197 0.00986129 0.0105485 0.0102478 0.00792993 0.00760081 0.0325202 0.0132551 0.00351311 
0.0495255 0.494652 0.0428607 0.151035 0.0363421 0.0459066 0.0355701 0.0510646 0.0347465 0.0371054 0.0211911 
0.0506111 0.600998 0.0440523 0.0393159 0.0322031 0.0514483 0.0278342 0.0587498 0.0364977 0.0396244 0.0186649 
0.775915 0.0390811 0.0156177 0.0327214 0.0373287 0.0234559 0.0178644 0.00955698 0.0167112 0.0155126 0.0162355 
0.0317027 0.137258 0.0271459 0.627654 0.0301018 0.0244809 0.0353009 0.0258983 0.0210796 0.0216251 0.0177526 
0.0508559 0.596273 0.046857 0.0395375 0.0321924 0.0511629 0.0282478 0.059823 0.0367758 0.0396657 0.0186092 
0.0185239 0.0240289 0.86197 0.00986129 0.0105485 0.0102478 0.00792993 0.00760081 0.0325202 0.0132551 0.00351311 
0.0300938 0.025818 0.0180883 0.777676 0.0256149 0.0256457 0.0386885 0.0136377 0.0136972 0.0149042 0.0161357 
0.176247 0.294957 0.0365898 0.0448061 0.121378 0.153063 0.0303504 0.0400455 0.0362135 0.0372181 0.029132 
0.744992 0.0503682 0.0180146 0.042151 0.0373056 0.0248275 0.019482 0.01125 0.0180227 0.0168871 0.0166992 
0.164881 0.24907 0.0436938 0.287619 0.0458788 0.0416403 0.0395846 0.0359683 0.0334302 0.0333928 0.0248423 
0.0256286 0.029624 0.842964 0.0112982 0.0118393 0.0114945 0.00880873 0.00845272 0.0317311 0.0140682 0.00409061 
0.12445 0.0320792 0.0184693 0.666941 0.0400624 0.0216707 0.0329191 0.0141976 0.0159738 0.015576 0.0176607 
0.0506112 0.601016 0.044025 0.0393172 0.0322035 0.051451 0.0278349 0.058755 0.0364951 0.0396248 0.018666 
0.0469216 0.105049 0.32019 0.0350096 0.031915 0.0415059 0.0276871 0.0655541 0.27299 0.0366043 0.0165736 
0.0575717 0.592089 0.0437307 0.0419777 0.0330646 0.0512387 0.0283686 0.0571013 0.0364252 0.0393951 0.0190372 
0.366798 0.299324 0.0352223 0.0581302 0.0438194 0.0449221 0.0298915 0.0333419 0.032441 0.0328484 0.0232616 
0.772448 0.0389771 0.015701 0.0360834 0.0372297 0.0233208 0.0181131 0.00963789 0.016701 0.0155152 0.0162726 
0.0493705 0.0351165 0.741096 0.0388873 0.020462 0.0180895 0.0248105 0.0147552 0.0305571 0.0192166 0.00763832 
0.0708702 0.127179 0.0466597 0.0529191 0.0857104 0.270758 0.040842 0.158703 0.0553901 0.051861 0.0391078 
0.0473317 0.167761 0.593214 0.0276245 0.0225489 0.026168 0.0178128 0.0228613 0.0390236 0.0258699 0.0097838 
0.0499142 0.533083 0.130716 0.0365648 0.0311862 0.0462569 0.026372 0.0495367 0.0412845 0.0385172 0.0165685 
0.0642418 0.495316 0.0632549 0.0552812 0.0357667 0.0517651 0.0396701 0.0907123 0.0409688 0.0424223 0.0206014 
0.0530374 0.537088 0.0676242 0.0389366 0.0313856 0.049497 0.0278501 0.0958741 0.0398339 0.0402846 0.0185886 
0.0520604 0.580104 0.0452147 0.0391495 0.0329982 0.0522467 0.0435949 0.0578429 0.0360297 0.0418611 0.0188979 
0.029488 0.0152488 0.0241292 0.015132 0.0175707 0.0237304 0.807182 0.0150259 0.0103023 0.0339206 0.00827046 
0.315499 0.10426 0.209595 0.0948013 0.0595837 0.0457698 0.0444509 0.0270335 0.04344 0.0340961 0.0214703 
0.0506906 0.600867 0.0440499 0.0393503 0.0322224 0.0514473 0.0278404 0.058724 0.0365167 0.039621 0.0186704 
0.0541123 0.591638 0.0452108 0.0444207 0.0329237 0.050909 0.0287143 0.0571928 0.0365083 0.0393927 0.0189776 
0.754228 0.05072 0.0176987 0.0340866 0.0372922 0.025011 0.0186836 0.0110049 0.0179598 0.0167866 0.0165291 
0.70518 0.0421376 0.0182584 0.0872491 0.0375634 0.0234914 0.0233805 0.0113192 0.0175867 0.0166902 0.0171439 
0.0506111 0.601017 0.044025 0.0393172 0.0322035 0.051451 0.0278349 0.0587548 0.0364951 0.0396248 0.018666 
0.0194341 0.0295049 0.851078 0.0105393 0.0111243 0.0110818 0.00841983 0.00839934 0.0326459 0.0139661 0.00380605 
0.0032589 0.00510693 0.00354935 0.00483679 0.937409 0.00858988 0.00444983 0.00696584 0.00873369 0.00799701 0.00910313 
0.0185239 0.0240289 0.86197 0.00986129 0.0105485 0.0102478 0.00792993 0.00760081 0.0325202 0.0132551 0.00351311 
0.0506111 0.601017 0.044025 0.0393172 0.0322035 0.051451 0.0278349 0.0587548 0.0364951 0.0396248 0.018666 
0.0188282 0.025138 0.859484 0.0100177 0.0106862 0.0104348 0.00804183 0.00777133 0.032607 0.0134094 0.00358186 
0.050385 0.566281 0.0895689 0.0377229 0.031687 0.0482836 0.0270096 0.0529513 0.0396567 0.0390815 0.0173722 
0.0489132 0.127054 0.638002 0.0219503 0.022252 0.0247862 0.0237429 0.0210482 0.0375622 0.0255839 0.00910478 
0.0506111 0.601017 0.044025 0.0393172 0.0322035 0.051451 0.0278349 0.0587548 0.0364951 0.0396248 0.018666 
0.18752 0.284844 0.241558 0.0405769 0.038678 0.0432295 0.0297641 0.0343971 0.0446346 0.0367243 0.0180736 
0.0208636 0.0176544 0.0141065 0.838531 0.0225843 0.010737 0.0306115 0.0103647 0.0107392 0.0104167 0.0133911 
0.744882 0.0513312 0.0187913 0.0403927 0.0372308 0.0249554 0.0192765 0.0113132 0.0182135 0.0169843 0.0166291 
0.0561757 0.443463 0.0419323 0.199921 0.037848 0.0443675 0.0362445 0.0479412 0.0341517 0.0359968 0.0219579 
0.0246342 0.00377192 0.00797084 0.0110553 0.00608041 0.0139274 0.00964826 0.885587 0.0118158 0.0161984 0.00930997 
0.0508751 0.587168 0.0614339 0.0386222 0.0320704 0.0500778 0.028188 0.0559882 0.0379369 0.0395377 0.0181018 
0.0193899 0.212727 0.0197801 0.020136 0.5888 0.0296736 0.0156157 0.0305816 0.0236749 0.0243131 0.0153079 
0.00467771 0.0101698 0.00539236 0.00627822 0.916855 0.0117168 0.0055992 0.00940309 0.010421 0.00967314 0.00981348 
0.774594 0.0391701 0.0156874 0.0336453 0.0373214 0.0235286 0.0179422 0.009601 0.0167279 0.0155298 0.0162523 
0.130545 0.0899017 0.287423 0.0769618 0.0512349 0.0498234 0.0482133 0.0523258 0.0988379 0.0864151 0.0283181 
0.102449 0.376375 0.0431023 0.0462518 0.049469 0.125142 0.0367001 0.0972053 0.0440361 0.0502209 0.0290495 
0.0808591 0.420052 0.0894524 0.0913673 0.0553613 0.0505235 0.0349276 0.0662963 0.0468104 0.0416683 0.022682 
0.125975 0.0277801 0.0181202 0.697138 0.0299742 0.0160156 0.0294242 0.0117851 0.0143479 0.0136717 0.0157683 
0.0506111 0.601017 0.044025 0.0393172 0.0322035 0.051451 0.0278349 0.0587548 0.0364951 0.0396248 0.018666 
0.0185239 0.0240289 0.86197 0.00986129 0.0105485 0.0102478 0.00792993 0.00760081 0.0325202 0.0132551 0.00351311 
0.0201939 0.0346145 0.841365 0.01111 0.0116062 0.0117909 0.00884948 0.00908851 0.0327632 0.0145628 0.00405561 
0.0506077 0.600343 0.0450278 0.0392689 0.0321895 0.051354 0.0278107 0.0585708 0.0365917 0.0396106 0.0186257 
0.0496549 0.575615 0.0392943 0.0386916 0.0318735 0.0511474 0.0281196 0.056334 0.0699001 0.0399525 0.0194174 
0.27737 0.194752 0.0828479 0.0685876 0.115889 0.0528688 0.0626047 0.035825 0.0406717 0.0413266 0.0272567 
0.181383 0.0253071 0.0651341 0.0252856 0.0361332 0.0250026 0.0210091 0.0128306 0.570754 0.0215781 0.0155833 
0.124793 0.374737 0.0430743 0.0705394 0.0437447 0.101773 0.0357648 0.0618601 0.0655932 0.0429515 0.0351694 
0.00690802 0.00296346 0.00534409 0.00608539 0.00443646 0.625195 0.00639912 0.00541356 0.00641899 0.00682906 0.324007 
0.705235 0.0480484 0.0184524 0.0743547 0.0385184 0.0260517 0.0238979 0.0121496 0.0182158 0.0175051 0.0175708 
0.176222 0.0239725 0.0156836 0.658936 0.0297186 0.0153444 0.0273563 0.0106236 0.0135711 0.0129156 0.0156563 
0.0449668 0.102379 0.0509438 0.0307681 0.197976 0.0406102 0.410293 0.0332769 0.0270252 0.0440278 0.0177325 
0.770084 0.0394806 0.0203317 0.0337135 0.0364337 0.0232463 0.0180136 0.00975533 0.0174089 0.0157719 0.0157601 
0.0158812 0.0146688 0.0134874 0.850304 0.021785 0.00983686 0.0312803 0.00978948 0.010096 0.00977406 0.0130972 
0.0708343 0.384 0.21537 0.0385341 0.0339833 0.0467008 0.0415776 0.0640562 0.0453494 0.0420448 0.0175503 
0.0185242 0.024029 0.861969 0.00986135 0.0105485 0.0102479 0.00792997 0.00760087 0.0325206 0.0132552 0.00351315 
0.097816 0.0356051 0.0726934 0.0609166 0.0829196 0.465454 0.0352144 0.0266668 0.0419521 0.0311258 0.0496365 
0.0557776 0.596002 0.0438363 0.0397118 0.0327209 0.0514215 0.0279849 0.0577023 0.0364787 0.0394961 0.0188677 
0.775463 0.0390468 0.01563 0.0331913 0.0373129 0.0234328 0.0178988 0.00956632 0.0167079 0.0155107 0.0162396 
0.0509679 0.57117 0.0714359 0.03828 0.0317198 0.0493448 0.0274017 0.0633972 0.0387775 0.0395476 0.0179572 
0.0529744 0.569588 0.0532341 0.0553499 0.0334798 0.0496322 0.0298838 0.0600423 0.0372812 0.0393003 0.0192346 
0.0530994 0.41899 0.0420963 0.0371122 0.0288329 0.0475762 0.0269651 0.251171 0.0356844 0.0393048 0.0191679 
0.76872 0.038876 0.0167882 0.0318392 0.0350005 0.0323595 0.0176987 0.00975589 0.0167776 0.0155691 0.0166151 
0.222425 0.0418672 0.0266706 0.190127 0.0523693 0.240672 0.0377883 0.0219668 0.0269561 0.0270693 0.112088 
0.753235 0.0372196 0.0159304 0.0546498 0.0379273 0.0232449 0.019273 0.00989798 0.0166594 0.0154577 0.0165051 
0.0928825 0.559298 0.0428492 0.0418772 0.0356224 0.0512389 0.0287919 0.052285 0.0363808 0.038798 0.0199765 
0.0284732 0.100941 0.719442 0.0171269 0.0168344 0.0196309 0.0168267 0.0169478 0.0350099 0.0219147 0.00685294 
0.0506111 0.601017 0.044025 0.0393172 0.0322035 0.051451 0.0278349 0.0587548 0.0364951 0.0396248 0.018666 
0.101129 0.244933 0.191941 0.0633683 0.0462215 0.0555183 0.0390224 0.122707 0.066791 0.0456147 0.0227539 
0.0171992 0.0192448 0.0148791 0.838181 0.0222128 0.0110251 0.0313777 0.0108901 0.0109408 0.0106692 0.0133802 
0.0451124 0.0565007 0.0266155 0.0288649 0.256379 0.0962432 0.0227845 0.032287 0.377556 0.0315091 0.0261475 
0.00301039 0.00402171 0.00396151 0.00494251 0.859761 0.0550686 0.00492686 0.00712322 0.00819533 0.00783987 0.0411493 
0.046614 0.418246 0.276616 0.0325271 0.0286982 0.0399807 0.0238343 0.0405453 0.0431982 0.0355483 0.0141918 
0.0659689 0.436422 0.0399506 0.051149 0.0315975 0.0491207 0.0295846 0.199177 0.0361182 0.0401312 0.0207805 
0.0378599 0.0373247 0.737822 0.0147134 0.015045 0.0156717 0.0118961 0.0108428 0.0956805 0.0169394 0.00620414 
0.0588151 0.12198 0.0242874 0.0433861 0.0199553 0.619864 0.0212037 0.0234817 0.0206519 0.0217659 0.024609 
0.269527 0.0715563 0.218268 0.0761574 0.0916337 0.0554808 0.0637754 0.0311908 0.0559814 0.0424486 0.0239807 
0.775915 0.0390811 0.0156177 0.0327214 0.0373287 0.0234559 0.0178644 0.00955698 0.0167112 0.0155126 0.0162355 
0.0506111 0.601017 0.044025 0.0393172 0.0322035 0.051451 0.0278349 0.0587548 0.0364951 0.0396248 0.018666 
0.174488 0.0578911 0.257487 0.0949138 0.068296 0.0526343 0.0871335 0.0296719 0.109699 0.0436788 0.024107 
0.0506122 0.601009 0.044032 0.0393169 0.0322036 0.0514504 0.0278359 0.0587532 0.0364957 0.0396249 0.0186658 
0.0137046 0.127953 0.0146057 0.0154063 0.717131 0.0233536 0.0122514 0.0234743 0.0193037 0.0195295 0.0132869 
0.0687901 0.0905908 0.0820818 0.0419446 0.0804394 0.0693625 0.07946 0.0509805 0.0502225 0.358971 0.0271566 
0.0185239 0.0240289 0.86197 0.00986129 0.0105485 0.0102478 0.00792993 0.00760081 0.0325202 0.0132551 0.00351311 
0.051772 0.5983 0.0437068 0.0392997 0.0346611 0.0513546 0.0278214 0.0582284 0.0364956 0.0395561 0.0188045 
0.571322 0.101593 0.0250698 0.112488 0.0423277 0.0317952 0.0286614 0.0190193 0.0237952 0.023248 0.0206799 
0.0185239 0.0240289 0.86197 0.00986129 0.0105485 0.0102478 0.00792993 0.00760081 0.0325202 0.0132551 0.00351311 
0.0331457 0.0181279 0.0196139 0.683438 0.023734 0.0147291 0.154077 0.0123437 0.0120822 0.0158285 0.01288 
0.0645639 0.169726 0.0348488 0.433453 0.0884076 0.041934 0.048806 0.0337897 0.0292869 0.0308215 0.0243624 
0.515682 0.0902714 0.114404 0.0582558 0.0503039 0.0369704 0.0266727 0.0243397 0.0362246 0.0273576 0.0195179 
0.0199148 0.0271714 0.851353 0.010381 0.0114522 0.0108891 0.00831016 0.00814128 0.0348647 0.0137265 0.00379598 
0.050609 0.600597 0.0446502 0.0392869 0.0321947 0.0513902 0.0278197 0.0586396 0.0365558 0.0396159 0.0186407 
0.0512233 0.578357 0.0429732 0.0389935 0.0314682 0.0509725 0.0278125 0.0830741 0.0363801 0.0398425 0.0189032 
0.0533186 0.56623 0.0401257 0.0391744 0.0332818 0.05201 0.029698 0.061333 0.064617 0.0404659 0.0197455 
0.145816 0.0582659 0.198551 0.0632671 0.182566 0.0892582 0.0472037 0.038522 0.0842555 0.0564613 0.0358338 
0.0452636 0.028953 0.818737 0.0133794 0.01359 0.012543 0.00982238 0.00865632 0.0299658 0.0143057 0.00478361 
0.0503739 0.59815 0.0437477 0.0391826 0.0318761 0.0560064 0.027783 0.0582501 0.0363029 0.0394339 0.0188936 
0.0506111 0.601017 0.044025 0.0393172 0.0322035 0.051451 0.0278349 0.0587548 0.0364951 0.0396248 0.018666 
0.0560846 0.518924 0.127677 0.0389669 0.0339846 0.0480572 0.0285438 0.0494799 0.0418382 0.0391474 0.0172961 
0.0189692 0.0258861 0.856941 0.0104987 0.0109211 0.0106435 0.00833732 0.00805079 0.0324874 0.013589 0.0036755 
0.0506111 0.601017 0.044025 0.0393172 0.0322035 0.051451 0.0278349 0.0587548 0.0364951 0.0396248 0.018666 
0.0630409 0.546125 0.0875261 0.0389679 0.0385258 0.048941 0.0279439 0.051197 0.0401087 0.0393507 0.0182727 
0.0461928 0.0384294 0.0200196 0.757263 0.0284561 0.0186689 0.0317249 0.014357 0.0148018 0.0145096 0.0155768 
0.741649 0.0543432 0.01857 0.0390466 0.0375047 0.0254241 0.0194424 0.0116131 0.0184018 0.0172586 0.0167468 
0.775915 0.0390811 0.0156177 0.0327214 0.0373287 0.0234559 0.0178644 0.00955698 0.0167112 0.0155126 0.0162355 
0.764637 0.0430817 0.0218289 0.032236 0.0364288 0.0237758 0.0179624 0.0101685 0.0179226 0.0161861 0.0157723 
0.0557652 0.520905 0.046993 0.0671472 0.0361263 0.0517804 0.0662586 0.0551865 0.0359288 0.0433931 0.0205159 
0.0506111 0.601017 0.044025 0.0393172 0.0322035 0.051451 0.0278349 0.0587548 0.0364951 0.0396248 0.018666 
0.0816516 0.570493 0.0429496 0.0413256 0.0349144 0.0513247 0.028592 0.0536637 0.0363988 0.0389865 0.0197 
0.0235292 0.0170987 0.0141074 0.831799 0.0222964 0.0114214 0.030912 0.0134838 0.0110956 0.0107993 0.0134577 
0.775539 0.0392916 0.0156438 0.0327365 0.0373286 0.0234868 0.0178791 0.0095837 0.016733 0.0155363 0.0162419 
0.0493533 0.353531 0.0395093 0.31214 0.0373232 0.0398183 0.0389421 0.0429109 0.0315462 0.033168 0.0217577 
0.00300098 0.0052571 0.00369441 0.00536442 0.934442 0.0103484 0.00461584 0.0071085 0.00889989 0.00802756 0.0092414 
0.0230046 0.0314027 0.842157 0.0114268 0.0118177 0.011852 0.00910596 0.00877173 0.0320259 0.014323 0.00411321 
0.436402 0.0339946 0.0187466 0.363501 0.0369756 0.0206018 0.0272227 0.0119731 0.0168319 0.015881 0.0178693 
0.0506589 0.599803 0.0448684 0.0396661 0.0323036 0.0513805 0.0279613 0.0585259 0.0365625 0.0396111 0.0186588 
0.0578902 0.287873 0.168031 0.0360546 0.0270798 0.227351 0.0271951 0.0673967 0.0413293 0.0374045 0.0223956 
0.0881987 0.0486509 0.269241 0.0857159 0.0809065 0.0817315 0.140503 0.0380069 0.0756408 0.0605212 0.030883 
0.756255 0.0399327 0.0361296 0.0314425 0.0348852 0.0234971 0.0175802 0.0100691 0.0191042 0.0162997 0.0148049 
0.0465681 0.444725 0.0306255 0.0462068 0.0308983 0.0480967 0.0290603 0.0551123 0.207417 0.0392737 0.0220165 
0.762024 0.0460432 0.0171822 0.0339851 0.0372407 0.0243946 0.0184125 0.0104827 0.0175302 0.0163186 0.016386 
0.40131 0.282735 0.0414241 0.0440884 0.0422793 0.0437802 0.0278293 0.031193 0.0323185 0.0318624 0.0211802 
0.0509334 0.595621 0.044465 0.0392552 0.0324086 0.0529771 0.0279714 0.0614655 0.036501 0.0396036 0.0187979 
0.755173 0.0360784 0.0170419 0.0309978 0.0360552 0.024427 0.0398554 0.0104049 0.0165152 0.0176698 0.0157817 
0.0183233 0.0135081 0.0155367 0.701168 0.020104 0.0121476 0.173636 0.0107143 0.00983337 0.0137295 0.0112992 
0.0607451 0.127136 0.265529 0.0356885 0.0370625 0.0499588 0.194015 0.0433538 0.0664811 0.101266 0.0187636 
0.0506111 0.601017 0.044025 0.0393172 0.0322035 0.051451 0.0278349 0.0587548 0.0364951 0.0396248 0.018666 
0.102328 0.0184284 0.0220714 0.0286833 0.0221845 0.0230329 0.718892 0.0137586 0.0119101 0.0283052 0.0104053 
0.249579 0.0263277 0.0162981 0.576838 0.0316955 0.0167271 0.0271308 0.010916 0.0144402 0.0137046 0.0163433 
0.0491767 0.498619 0.173612 0.0354172 0.0305664 0.0443591 0.0256851 0.0466128 0.042324 0.037791 0.0158364 
0.0544547 0.462889 0.0470286 0.117248 0.0383351 0.0505171 0.0742005 0.0545334 0.0358045 0.0429935 0.0219958 
0.0215202 0.0447994 0.823018 0.0121194 0.0124498 0.0130508 0.00955451 0.0103372 0.0330497 0.015601 0.00449999 
0.674788 0.0408711 0.119254 0.0285503 0.0320611 0.0224732 0.0171799 0.0106701 0.0235157 0.0176422 0.012994 
0.751364 0.0498944 0.0204222 0.0341595 0.0382559 0.0248023 0.0185854 0.0110353 0.0183396 0.0168723 0.0162693 
0.0201141 0.0366435 0.0171539 0.803333 0.0237789 0.0137131 0.0309969 0.0140265 0.0130885 0.0129573 0.0141943 
0.0185239 0.0240289 0.86197 0.00986129 0.0105485 0.0102478 0.00792993 0.00760081 0.0325202 0.0132551 0.00351311 
0.0886315 0.0205249 0.0147488 0.759598 0.0266072 0.0132401 0.0279395 0.0102111 0.0122251 0.0116974 0.0145766 
0.00314577 0.00419479 0.00402786 0.00531596 0.891505 0.00934588 0.00523819 0.00756837 0.0102534 0.0465336 0.0128714 
0.140799 0.0483608 0.0401141 0.210655 0.29872 0.0719104 0.0369281 0.0539796 0.0375087 0.0301602 0.030864 
0.0185257 0.0240298 0.861966 0.00986165 0.0105487 0.0102488 0.00793017 0.00760109 0.0325198 0.0132553 0.00351331 
0.7244 0.0361561 0.0162172 0.0852222 0.0367033 0.0220205 0.0205017 0.0101651 0.0165048 0.0154111 0.0166981 
0.00809833 0.00493052 0.00633937 0.00766747 0.00370806 0.919338 0.00720356 0.00573816 0.00597577 0.00649246 0.0245084 
0.0266352 0.0152252 0.0194012 0.338037 0.0208013 0.0165119 0.508282 0.0129089 0.0107993 0.0204465 0.0109511 
0.7014 0.0406106 0.0929433 0.028996 0.0326243 0.0225555 0.0172318 0.0105054 0.0224682 0.0173225 0.0133426 
0.0295351 0.0122673 0.0234212 0.0457178 0.0182949 0.0194998 0.791445 0.0131974 0.0100115 0.0279268 0.00868294 
0.14174 0.0616519 0.512152 0.0376886 0.059399 0.0336718 0.0322018 0.0219398 0.048121 0.0362978 0.0151367 
0.0506698 0.599213 0.0439403 0.0392885 0.0321363 0.0514081 0.0278338 0.0606882 0.0364873 0.0396466 0.0186882 
0.0710526 0.0306673 0.781461 0.0172738 0.0160226 0.013791 0.0109146 0.00901111 0.0291739 0.0149564 0.00567585 
0.0578554 0.484461 0.0626818 0.0548134 0.0363016 0.0528768 0.0860043 0.0609829 0.0376255 0.0461516 0.0202452 
0.0241873 0.0120835 0.116236 0.0144597 0.02884 0.0223934 0.012054 0.0097135 0.735508 0.0152287 0.00929632 
0.748215 0.0515443 0.0176896 0.0339699 0.0365314 0.0292347 0.0187721 0.0113317 0.0188282 0.0169877 0.0168955 
0.0506047 0.599744 0.0459085 0.0392273 0.0321775 0.0512706 0.0277899 0.0584128 0.0366751 0.0395984 0.018591 
0.019462 0.0151954 0.0135792 0.845385 0.0222222 0.010147 0.0307617 0.00980095 0.0102868 0.00994491 0.0132151 
0.115044 0.227599 0.176671 0.0979567 0.0649801 0.0645174 0.0446058 0.0694842 0.0685321 0.0449112 0.025699 
0.687935 0.0467744 0.0935891 0.0299526 0.0333521 0.0237094 0.0179076 0.011381 0.0233879 0.0182201 0.013791 
0.203646 0.101447 0.0459018 0.0411164 0.160632 0.280885 0.0290532 0.0302683 0.0426331 0.0331056 0.0313124 
0.00828356 0.00696815 0.00563838 0.00863432 0.516946 0.399977 0.00651373 0.00891911 0.0088648 0.00838501 0.0208698 
0.0506112 0.601017 0.044025 0.0393172 0.0322035 0.051451 0.0278349 0.0587548 0.0364951 0.0396248 0.018666 
0.0527408 0.588059 0.0546975 0.0390084 0.0322049 0.0504871 0.0276921 0.0596935 0.0374866 0.0395189 0.0184108 
0.0506111 0.601017 0.044025 0.0393172 0.0322035 0.051451 0.0278349 0.0587548 0.0364951 0.0396248 0.018666 
0.0608159 0.583726 0.044413 0.0414391 0.0335369 0.0515507 0.0324609 0.0564474 0.0363745 0.0400552 0.01918 
0.0497108 0.581944 0.0426725 0.0387013 0.0307083 0.0730091 0.0276272 0.0613323 0.0356935 0.0389036 0.0196974 
0.0505491 0.401055 0.0364389 0.0353547 0.0268201 0.045991 0.0260235 0.287097 0.033701 0.0382626 0.018707 
0.0158811 0.0146688 0.0134874 0.850304 0.021785 0.00983685 0.0312803 0.00978948 0.010096 0.00977406 0.0130972 
0.772516 0.0402788 0.0161185 0.0337293 0.0372323 0.023576 0.0180115 0.00974361 0.0168854 0.0156652 0.0162434 
0.11886 0.109921 0.073233 0.075431 0.0494345 0.0484903 0.383197 0.0371583 0.033764 0.049464 0.021047 
0.754608 0.0480119 0.0176005 0.0372231 0.0371954 0.0246409 0.0188092 0.0110123 0.0177881 0.0165905 0.0165201 
0.05192 0.565788 0.0487337 0.0400886 0.0319747 0.0507576 0.0302078 0.0836543 0.0375897 0.0403418 0.0189433 
0.11681 0.222125 0.0714307 0.104466 0.112744 0.0758909 0.0456439 0.0761039 0.0898626 0.0513122 0.0336115 
0.75011 0.0421091 0.0321036 0.0359964 0.0367604 0.0233821 0.0182427 0.0104228 0.0190623 0.0165539 0.0152571 
0.0269172 0.0405851 0.788795 0.013499 0.0228641 0.017907 0.0107147 0.0114609 0.0441919 0.0170389 0.00602642 
0.438581 0.113186 0.0309183 0.127434 0.0502881 0.0821508 0.0345603 0.0258146 0.0306741 0.0293115 0.03708 
0.0499875 0.537301 0.125501 0.0367046 0.0312545 0.0464977 0.0264528 0.0499247 0.0411185 0.0385959 0.0166626 
0.687567 0.0832132 0.0273033 0.0361996 0.0378489 0.029667 0.0221699 0.0160308 0.0219471 0.0206249 0.0174289 
0.758996 0.0399192 0.0176329 0.0410527 0.0367987 0.02362 0.0221816 0.0102277 0.0170852 0.0162783 0.0162082 
0.278609 0.355644 0.0551889 0.0457485 0.0470721 0.0524176 0.029859 0.0392127 0.0377544 0.0362052 0.022288 
0.273799 0.131519 0.0844535 0.218514 0.0547328 0.044306 0.0651111 0.0305356 0.0366024 0.0354925 0.0249339 
0.0501205 0.548619 0.0434546 0.0946304 0.0349225 0.048074 0.0321009 0.0540669 0.0355718 0.0381099 0.0203291 
0.0657003 0.303884 0.121873 0.05213 0.0389781 0.0527042 0.0417495 0.169694 0.0847408 0.0464669 0.0220789 
0.0273663 0.0112471 0.0121347 0.0135348 0.00807304 0.0171214 0.0113611 0.856115 0.0143738 0.0185272 0.0101452 
0.775914 0.0390811 0.0156177 0.0327214 0.0373287 0.0234559 0.0178644 0.00955699 0.0167112 0.0155126 0.0162355 
0.775915 0.0390811 0.0156177 0.0327214 0.0373287 0.0234559 0.0178644 0.00955698 0.0167112 0.0155126 0.0162355 
0.0544004 0.499776 0.0632167 0.0390551 0.0310269 0.0496572 0.0283065 0.134923 0.039874 0.0407165 0.0190476 
0.0203954 0.0358727 0.83903 0.0112443 0.0117189 0.0119547 0.00892649 0.0092482 0.0327992 0.0146957 0.00411401 
