0.618828 0.0710786 0.0216748 0.119183 0.0402311 0.0277105 0.0254514 0.0154703 0.02096 0.0200894 0.0193228 
0.00963496 0.00349967 0.00522575 0.00704269 0.00283964 0.724065 0.00616273 0.213483 0.00590043 0.00723349 0.0149126 
0.0519133 0.558033 0.0922803 0.0382077 0.0320408 0.0489158 0.0276364 0.053367 0.0407494 0.0393203 0.0175361 
0.0925355 0.0205164 0.0147515 0.755525 0.0267365 0.0132998 0.0278566 0.0101858 0.0122592 0.0117226 0.0146113 
0.0506111 0.601017 0.044025 0.0393172 0.0322035 0.051451 0.0278349 0.0587548 0.0364951 0.0396248 0.018666 
0.200528 0.212328 0.15798 0.0554906 0.0591263 0.052631 0.108036 0.0399684 0.0449583 0.0464295 0.0225237 
0.0706321 0.558984 0.0694946 0.0399484 0.0341349 0.0497532 0.0280657 0.0520949 0.0390063 0.0392158 0.0186696 
0.0482247 0.190277 0.105742 0.0302112 0.023123 0.0377488 0.023113 0.454203 0.035933 0.0354124 0.0160115 
0.330962 0.132601 0.0961567 0.114552 0.0820538 0.0569503 0.0372562 0.0369835 0.0495597 0.0362163 0.0267086 
0.0518275 0.597858 0.0437897 0.0393439 0.0321346 0.0543502 0.027845 0.0581435 0.0363683 0.0394691 0.0188702 
0.00234813 0.00468079 0.00333694 0.00445445 0.940686 0.00826868 0.00419479 0.00687383 0.00849694 0.00777548 0.00888374 
0.77228 0.0386164 0.0157982 0.0334712 0.039316 0.0245045 0.0178715 0.00964415 0.0167072 0.01551 0.0162809 
0.0506353 0.60029 0.044696 0.0392873 0.0322073 0.0513989 0.0280251 0.0586169 0.0365496 0.0396499 0.0186434 
0.739029 0.0509657 0.0180255 0.0438819 0.0375617 0.0251924 0.0216002 0.0115459 0.0181 0.0172857 0.016812 
0.0508935 0.591754 0.0435584 0.0391786 0.0318774 0.0512452 0.0278296 0.0687091 0.0364498 0.0397291 0.0187751 
0.769423 0.039292 0.0158304 0.0383216 0.0371773 0.0233001 0.0183019 0.00973873 0.0167422 0.0155649 0.0163078 
0.285124 0.0398971 0.0198376 0.499436 0.0393248 0.0207815 0.0293123 0.0136712 0.0174961 0.0166922 0.0184272 
0.167814 0.231726 0.102975 0.104728 0.085456 0.0524472 0.0867282 0.0429193 0.0528938 0.0462679 0.0260449 
0.775915 0.0390811 0.0156177 0.0327214 0.0373287 0.0234559 0.0178644 0.00955698 0.0167112 0.0155126 0.0162355 
0.0976873 0.0788015 0.0904785 0.0780497 0.0646861 0.0741935 0.0733681 0.225872 0.130457 0.0556198 0.0307861 
0.0185459 0.0241527 0.861717 0.0098776 0.0105624 0.0102678 0.00794174 0.00761975 0.032523 0.0132723 0.00352012 
0.0505882 0.59605 0.051144 0.0389949 0.0321111 0.0508052 0.0276738 0.0575587 0.037145 0.0395304 0.0183987 
0.0506111 0.601017 0.044025 0.0393172 0.0322035 0.051451 0.0278349 0.0587548 0.0364951 0.0396248 0.018666 
0.127127 0.0473211 0.159351 0.395124 0.041413 0.0391167 0.0422811 0.058044 0.0383981 0.0289822 0.0228424 
0.0506111 0.601017 0.044025 0.0393172 0.0322035 0.051451 0.0278349 0.0587548 0.0364951 0.0396248 0.018666 
0.031953 0.0150551 0.0242343 0.0166453 0.0193185 0.0336802 0.792972 0.0145259 0.0111138 0.0313952 0.00910678 
0.116182 0.0137165 0.00894947 0.0119433 0.785216 0.0135262 0.00850689 0.00787066 0.011978 0.0107817 0.0113298 
0.515682 0.0902714 0.114404 0.0582558 0.0503039 0.0369704 0.0266727 0.0243397 0.0362246 0.0273576 0.0195179 
0.395855 0.0955909 0.0341164 0.209482 0.0482223 0.036743 0.0753613 0.0240223 0.0271133 0.0299155 0.0235783 
0.0506128 0.600204 0.0452086 0.0392664 0.0321883 0.0513364 0.0278119 0.0585358 0.0366085 0.0396085 0.0186191 
0.0281009 0.0187956 0.0545076 0.0129365 0.0167207 0.0220241 0.779791 0.0149795 0.0122305 0.0322646 0.00764925 
0.406521 0.052171 0.0260733 0.285274 0.0425576 0.0286327 0.0747333 0.0176044 0.0215106 0.0239081 0.0210148 
0.256102 0.196847 0.135899 0.0439354 0.0469277 0.0495514 0.126854 0.0369487 0.0404366 0.0451333 0.0213642 
0.00919895 0.00313467 0.00109681 0.00770834 0.00716428 0.0123393 0.00949147 0.00647607 0.918855 0.0128953 0.0116399 
0.0362946 0.0706666 0.031001 0.0192698 0.022108 0.0317075 0.697826 0.025017 0.0161826 0.0387706 0.011156 
0.132531 0.371518 0.141513 0.0702082 0.0442553 0.0499137 0.0348092 0.0475404 0.0458467 0.0405185 0.0213454 
0.0506111 0.601017 0.044025 0.0393172 0.0322035 0.051451 0.0278349 0.0587548 0.0364951 0.0396248 0.018666 
0.107045 0.537431 0.0470432 0.0435123 0.0373593 0.0518051 0.0292177 0.0505976 0.0369342 0.0386991 0.0203551 
0.77576 0.0390679 0.0156222 0.0328846 0.037323 0.0234476 0.0178765 0.0095601 0.01671 0.0155118 0.0162368 
0.0513569 0.57427 0.0545814 0.0554596 0.0333802 0.0496451 0.0301763 0.0556005 0.0372486 0.0392195 0.0190619 
0.605073 0.049352 0.0340006 0.0554105 0.111415 0.0343775 0.0244797 0.0160598 0.0276363 0.0221877 0.0200075 
0.0508666 0.0597722 0.0232846 0.714888 0.0294352 0.0201993 0.0331871 0.0175463 0.0172056 0.0169946 0.0166201 
0.0506111 0.601017 0.044025 0.0393172 0.0322035 0.051451 0.0278349 0.0587548 0.0364951 0.0396248 0.018666 
0.113475 0.308916 0.151424 0.0798804 0.0480535 0.0541617 0.053045 0.0698577 0.0527031 0.0454062 0.023077 
0.0177781 0.0148471 0.0136634 0.843498 0.0218936 0.0101348 0.0350365 0.00985469 0.0101756 0.0100869 0.0130316 
0.108762 0.107734 0.109989 0.139325 0.106047 0.0722771 0.0535563 0.0944765 0.127413 0.0476117 0.0328085 
0.00233691 0.00467313 0.0033287 0.00444732 0.940794 0.00822317 0.00418926 0.00686996 0.00849094 0.00777019 0.00887687 
0.0459384 0.0205687 0.0822425 0.0538995 0.701522 0.0168408 0.0176197 0.0119503 0.0209035 0.0161732 0.0123411 
0.625906 0.0541639 0.0752085 0.0700298 0.0394902 0.0308745 0.0258751 0.0143459 0.0256848 0.0212221 0.0171993 
0.469596 0.0700827 0.134103 0.097807 0.0511432 0.0396116 0.0375638 0.0195266 0.033169 0.0274472 0.0199503 
0.0187993 0.01546 0.0137001 0.844513 0.0221496 0.0102069 0.0317195 0.00991034 0.0103182 0.0100382 0.0131852 
0.0248961 0.00418234 0.00819299 0.0112779 0.00624479 0.0142185 0.00980661 0.883334 0.0120243 0.0164189 0.00940396 
0.00820776 0.00678466 0.00702861 0.0083065 0.00514312 0.856749 0.00823917 0.00806308 0.00730273 0.00816344 0.0760117 
0.154903 0.086472 0.0659396 0.0543493 0.123738 0.0779756 0.0435801 0.0384565 0.251871 0.0554405 0.0472745 
0.0134867 0.0164913 0.0081311 0.00885321 0.889456 0.0127379 0.00722001 0.00995672 0.0120697 0.0111283 0.0104693 
0.0220085 0.0265402 0.853165 0.0104983 0.0111666 0.0108348 0.00831928 0.00798372 0.0320744 0.013623 0.00378605 
0.682542 0.0618213 0.0482666 0.0355088 0.0358857 0.028038 0.020656 0.0231724 0.0264165 0.0210062 0.0166861 
0.541126 0.0536046 0.0232198 0.188298 0.0407202 0.0302902 0.044772 0.0156942 0.0206501 0.0213765 0.0202487 
0.0784695 0.513933 0.0794832 0.0568612 0.0385885 0.050982 0.0311287 0.0503469 0.0405972 0.0396411 0.0199692 
0.123846 0.0306131 0.727863 0.0158055 0.0172691 0.0145533 0.0111968 0.00889525 0.0285519 0.0151493 0.00625633 
0.201602 0.200248 0.345067 0.0364061 0.0356299 0.0371523 0.0248444 0.0276125 0.0431703 0.0324455 0.015823 
0.0461125 0.139102 0.405826 0.0286991 0.0355975 0.0336138 0.0243361 0.0331558 0.206246 0.0332013 0.0141102 
0.126737 0.187378 0.340219 0.0882035 0.0400947 0.0411474 0.0329561 0.0388275 0.0498385 0.036041 0.0185578 
0.0321283 0.148824 0.0226939 0.0226594 0.0137531 0.653142 0.0216816 0.0239647 0.0185 0.0210156 0.0216373 
0.750958 0.0533963 0.0172626 0.0337159 0.0374463 0.0253961 0.0188007 0.0112698 0.018082 0.0170031 0.0166687 
0.354829 0.053787 0.063189 0.108624 0.0991986 0.0582579 0.101082 0.0338146 0.0562183 0.0419588 0.0290406 
0.0514744 0.0188157 0.0143524 0.802598 0.0248535 0.012158 0.0290347 0.0101227 0.0115018 0.0110777 0.0140105 
0.0331828 0.0436115 0.0232386 0.737273 0.0279256 0.0260161 0.03925 0.0188764 0.0169809 0.0169035 0.016742 
0.05017 0.59834 0.045541 0.0390781 0.0346312 0.051183 0.0277277 0.058403 0.0366756 0.0395734 0.0186768 
0.0980483 0.4079 0.117569 0.0558183 0.0406535 0.0582529 0.0494333 0.0552275 0.048807 0.0466851 0.0216041 
0.0506111 0.601017 0.044025 0.0393172 0.0322035 0.051451 0.0278349 0.0587548 0.0364951 0.0396248 0.018666 
0.091233 0.19934 0.199233 0.109808 0.0557961 0.0596008 0.0818268 0.0662483 0.0651058 0.0476028 0.0242059 
0.764396 0.0414468 0.0163927 0.0349606 0.0370232 0.0240538 0.0218925 0.0102132 0.0169983 0.0163478 0.0162756 
0.0412194 0.217134 0.158456 0.029279 0.0261439 0.0375034 0.0237727 0.0367176 0.378831 0.0349557 0.0159875 
0.661465 0.0983556 0.0289876 0.036581 0.038609 0.0310692 0.0253798 0.016633 0.0229683 0.022137 0.0178151 
0.0685729 0.0362947 0.0223489 0.0177278 0.0133507 0.769161 0.0128076 0.0121628 0.0139386 0.013588 0.0200468 
0.0537972 0.548771 0.0478549 0.0492951 0.0345063 0.0521631 0.0585396 0.056305 0.036034 0.0431482 0.0195855 
0.770453 0.0394028 0.0155424 0.0321854 0.0429367 0.0234437 0.0177199 0.00971276 0.0167776 0.0155899 0.0162363 
0.0194934 0.0240841 0.859837 0.010001 0.0107044 0.0103416 0.00801079 0.00764483 0.0330157 0.01329 0.00357701 
0.0638526 0.043995 0.755692 0.0235443 0.0175473 0.0159495 0.0135023 0.0112554 0.0309149 0.0171055 0.00664117 
0.173317 0.0149531 0.00763832 0.0136232 0.72456 0.0141788 0.00913299 0.00789168 0.0118591 0.0109422 0.0119039 
0.0506111 0.601017 0.044025 0.0393172 0.0322035 0.051451 0.0278349 0.0587548 0.0364951 0.0396248 0.018666 
0.0185239 0.0240289 0.86197 0.00986129 0.0105485 0.0102478 0.00792993 0.00760081 0.0325202 0.0132551 0.00351311 
0.0185239 0.0240289 0.86197 0.00986129 0.0105485 0.0102478 0.00792993 0.00760081 0.0325202 0.0132551 0.00351311 
0.736785 0.0357847 0.0177558 0.0419221 0.0429086 0.0297657 0.0235553 0.0115771 0.021233 0.0196514 0.019061 
0.0532636 0.598356 0.0440101 0.0395192 0.0324746 0.0514293 0.0279437 0.0581807 0.036493 0.0395615 0.0187686 
0.0161252 0.0147068 0.0134939 0.849965 0.0218171 0.00985948 0.0312406 0.00979002 0.0101099 0.00978649 0.0131057 
0.0506111 0.601017 0.044025 0.0393172 0.0322035 0.051451 0.0278349 0.0587548 0.0364951 0.0396248 0.018666 
0.0185239 0.0240291 0.86197 0.00986131 0.0105485 0.0102478 0.00792995 0.00760084 0.0325202 0.0132552 0.00351312 
0.0954947 0.555391 0.0425534 0.0425668 0.0365737 0.0512172 0.0290054 0.0519391 0.0363668 0.0387751 0.0201165 
0.153235 0.0828017 0.149246 0.162947 0.0535065 0.0622893 0.201147 0.0303274 0.0379967 0.042634 0.023869 
0.243932 0.220746 0.137863 0.116977 0.0549507 0.0472893 0.0372128 0.0356406 0.0443216 0.0375113 0.0235551 
0.0378933 0.0669964 0.032326 0.269079 0.0304968 0.0297086 0.43857 0.0258765 0.0195602 0.0330239 0.0164699 
0.0250731 0.00448297 0.00834581 0.0114298 0.00635768 0.0144172 0.00991432 0.881777 0.0121664 0.0165685 0.00946747 
0.0200261 0.0334648 0.843543 0.0109846 0.0114998 0.0116335 0.00874047 0.00893554 0.0327422 0.0144294 0.00400019 
0.730803 0.0604544 0.0182606 0.0408288 0.0376844 0.0261743 0.0198331 0.0123031 0.0187968 0.0177897 0.0170724 
0.771692 0.0404674 0.0172003 0.0329932 0.0370323 0.023699 0.0181276 0.00981404 0.0170907 0.015764 0.0161195 
0.0737411 0.299871 0.112163 0.0648376 0.0408821 0.055274 0.0532312 0.170257 0.0591641 0.047536 0.0230432 
0.0802422 0.571722 0.0430006 0.0414443 0.0347814 0.0513067 0.0285898 0.0538344 0.0364022 0.039008 0.0196685 
0.643603 0.119933 0.0232439 0.0377909 0.0391182 0.032419 0.0222384 0.0178482 0.0229772 0.0223258 0.0185022 
0.0185239 0.0240289 0.86197 0.00986129 0.0105485 0.0102478 0.00792993 0.00760081 0.0325202 0.0132551 0.00351311 
0.0615835 0.590351 0.0435897 0.0401267 0.033262 0.051398 0.0281423 0.0566427 0.0364577 0.0393667 0.0190795 
0.0300938 0.025818 0.0180883 0.777676 0.0256149 0.0256457 0.0386885 0.0136377 0.0136972 0.0149042 0.0161357 
0.256437 0.264387 0.0390937 0.0574319 0.115768 0.0590208 0.0364978 0.0598757 0.0434069 0.0401965 0.0278842 
0.0557776 0.596002 0.0438363 0.0397118 0.0327209 0.0514215 0.0279849 0.0577023 0.0364787 0.0394961 0.0188677 
0.0506001 0.600899 0.044013 0.0393113 0.0321892 0.0516419 0.0278327 0.0587331 0.0364868 0.0396166 0.0186759 
0.775915 0.0390811 0.0156177 0.0327214 0.0373287 0.0234559 0.0178644 0.00955698 0.0167112 0.0155126 0.0162355 
0.0792149 0.547485 0.0442906 0.0412538 0.0339221 0.0775105 0.028701 0.0519971 0.0361009 0.0385121 0.0210118 
0.161792 0.489573 0.0417131 0.0441654 0.0391276 0.050765 0.0314724 0.0461812 0.0359621 0.0380354 0.0212126 
0.0506111 0.601017 0.044025 0.0393172 0.0322035 0.051451 0.0278349 0.0587548 0.0364951 0.0396248 0.018666 
0.0158811 0.0146688 0.0134874 0.850304 0.021785 0.00983685 0.0312803 0.00978948 0.010096 0.00977406 0.0130972 
0.0117117 0.0060908 0.0212884 0.00854203 0.00834267 0.0120486 0.00997774 0.00715266 0.893349 0.0132345 0.00826155 
0.660038 0.0406702 0.0234539 0.085554 0.042361 0.0499896 0.0264481 0.0127085 0.0204792 0.0185864 0.0197114 
0.291861 0.374381 0.0373654 0.045299 0.041733 0.0498095 0.0293395 0.0378336 0.0340424 0.0349428 0.0233922 
0.039093 0.0644301 0.767002 0.015587 0.0157333 0.0164301 0.0118324 0.0127558 0.0331721 0.0179375 0.00602627 
0.0333939 0.0468144 0.0284631 0.0169163 0.0202354 0.0286294 0.742844 0.0215677 0.0140326 0.0370627 0.0100406 
0.0473969 0.0349869 0.806545 0.0133151 0.0141591 0.0132886 0.010015 0.00936416 0.0308255 0.0150382 0.0050658 
0.0502273 0.595743 0.0442204 0.0393849 0.0322901 0.0510465 0.0282416 0.0588546 0.0370545 0.0401501 0.022787 
0.104556 0.472737 0.045436 0.0442494 0.0373141 0.121077 0.029656 0.0471134 0.0361967 0.037912 0.0237529 
0.00844705 0.00370834 0.00524879 0.0107467 0.00252418 0.921388 0.00659337 0.00477132 0.00504351 0.00572639 0.0258019 
0.0185506 0.0242163 0.861558 0.00988739 0.0106038 0.0102796 0.00794811 0.00763118 0.0325184 0.0132817 0.00352541 
0.706952 0.0360151 0.0164209 0.101706 0.0366921 0.0218645 0.0211306 0.0103565 0.0165457 0.0154719 0.0168454 
0.194099 0.134153 0.0445957 0.389948 0.0487308 0.0359137 0.0414809 0.0284926 0.0298805 0.0288802 0.0238262 
0.0358267 0.1212 0.0258404 0.646489 0.0301698 0.0235543 0.0338837 0.0242458 0.0203937 0.0207105 0.0176854 
0.0506111 0.601017 0.044025 0.0393172 0.0322035 0.051451 0.0278349 0.0587548 0.0364951 0.0396248 0.018666 
0.0357548 0.0169994 0.0528761 0.0270177 0.0265478 0.69528 0.0219729 0.0169668 0.0556248 0.0244088 0.0265505 
0.232367 0.0659695 0.0239788 0.498411 0.0386947 0.0251181 0.0358346 0.0181137 0.0207558 0.0204672 0.0202903 
0.149392 0.161737 0.0416033 0.406692 0.0448397 0.0375023 0.0438532 0.030644 0.0301055 0.029796 0.023835 
0.0288976 0.121456 0.69866 0.0177924 0.0171485 0.0202598 0.0135991 0.0178007 0.0359361 0.0213904 0.00705907 
0.0506335 0.600422 0.0441425 0.0393108 0.0321931 0.0514302 0.0278342 0.0592283 0.0365098 0.0396281 0.0186675 
0.375354 0.0771296 0.298279 0.0533877 0.0400761 0.0305596 0.0244222 0.0220239 0.0365834 0.0263844 0.0157998 
0.0454596 0.114493 0.0619412 0.026736 0.0207321 0.0349339 0.0445893 0.571734 0.0292911 0.0347891 0.0153011 
0.0557776 0.596002 0.0438363 0.0397118 0.0327209 0.0514215 0.0279849 0.0577023 0.0364787 0.0394961 0.0188677 
0.457723 0.155269 0.0607518 0.0689724 0.0440453 0.0412556 0.0303898 0.0517523 0.0353072 0.0320324 0.0225009 
0.132531 0.371518 0.141513 0.0702082 0.0442553 0.0499137 0.0348092 0.0475404 0.0458467 0.0405185 0.0213454 
0.0943013 0.325698 0.258951 0.0643705 0.0369409 0.0432939 0.0322555 0.0418622 0.0458978 0.0383195 0.0181096 
0.202201 0.0494515 0.340796 0.051927 0.0377208 0.0559675 0.141603 0.021736 0.0364262 0.0445763 0.0175946 
0.0624715 0.163364 0.317584 0.0558655 0.0376916 0.046484 0.12538 0.070078 0.0557659 0.0469808 0.0183352 
0.397426 0.295268 0.0336032 0.0441101 0.0420271 0.0439737 0.0277419 0.0316674 0.0312276 0.0315929 0.0213616 
0.018999 0.0214423 0.847768 0.0124416 0.0108623 0.0176135 0.016459 0.00814935 0.0276997 0.0142618 0.00430297 
0.0506329 0.600742 0.0440428 0.0393135 0.0322153 0.0514624 0.0280378 0.0587386 0.0364866 0.0396589 0.0186692 
0.0506111 0.601017 0.044025 0.0393172 0.0322035 0.051451 0.0278349 0.0587548 0.0364951 0.0396248 0.018666 
0.249698 0.165423 0.101732 0.0925431 0.122293 0.0557694 0.0384691 0.0581076 0.048772 0.0399926 0.0272006 
0.069694 0.238118 0.0756781 0.114225 0.0432018 0.0526612 0.233286 0.0606476 0.0389585 0.0505924 0.0229376 
0.601624 0.0534729 0.12303 0.0479806 0.0366783 0.0267341 0.0234063 0.0141297 0.0356185 0.0216924 0.0156326 
0.585626 0.128382 0.027118 0.0514924 0.0412724 0.036157 0.0254697 0.0321413 0.0263019 0.0255776 0.0204615 
0.0638496 0.549942 0.0661408 0.0485195 0.0348334 0.050295 0.0321081 0.0561995 0.0388708 0.0400264 0.0192151 
0.0534019 0.0224151 0.0169295 0.76421 0.0246907 0.0278756 0.0358054 0.0125283 0.0129698 0.0131563 0.0160174 
0.355987 0.297852 0.0593024 0.0446364 0.0446975 0.0451612 0.0286797 0.0331287 0.0354638 0.0338339 0.0212569 
0.00433488 0.0137803 0.00803681 0.00663273 0.908794 0.0112491 0.00589581 0.00986781 0.0115006 0.0104104 0.00949731 
0.102772 0.314347 0.120374 0.0846622 0.050426 0.0595106 0.0660869 0.0722077 0.0573149 0.0478135 0.0244851 
0.0663281 0.186335 0.0407941 0.033129 0.029453 0.0728559 0.0250817 0.456221 0.0322719 0.0366941 0.0208366 
0.0571978 0.577528 0.0513692 0.0401734 0.0345779 0.0527235 0.0281006 0.0617907 0.0379813 0.0395377 0.0190195 
0.0504234 0.596641 0.0429248 0.039198 0.0321486 0.0514151 0.0279191 0.0582261 0.042527 0.0397272 0.0188495 
0.0173575 0.0150025 0.0135519 0.848018 0.0219815 0.00999903 0.0310479 0.00982163 0.0101973 0.00986801 0.0131544 
0.744877 0.0425595 0.0167283 0.0538903 0.0373233 0.023591 0.0203562 0.0106086 0.017199 0.0161947 0.016672 
0.0522927 0.57643 0.0437069 0.0634093 0.0338725 0.0496963 0.0301547 0.0559251 0.0360462 0.038826 0.0196402 
0.0507527 0.600873 0.04403 0.0393279 0.0322181 0.0514491 0.0278389 0.0587223 0.0364956 0.0396209 0.0186713 
0.0484272 0.205272 0.454797 0.0311699 0.028903 0.03815 0.0236456 0.0684061 0.0515945 0.0355146 0.0141197 
0.775902 0.0390801 0.015618 0.0327334 0.0373281 0.023456 0.0178655 0.00955725 0.0167111 0.0155126 0.0162356 
0.0689095 0.545056 0.0698185 0.0472649 0.0353275 0.0501331 0.0317411 0.0537562 0.0389351 0.0398591 0.0191987 
0.696139 0.0319997 0.0135503 0.0268713 0.137762 0.0216107 0.0156531 0.00963765 0.0161005 0.0149269 0.0157494 
0.0506111 0.601017 0.044025 0.0393172 0.0322035 0.051451 0.0278349 0.0587548 0.0364951 0.0396248 0.018666 
0.0546709 0.272708 0.0394554 0.399974 0.0376006 0.0364209 0.0391873 0.0378409 0.0298053 0.0307045 0.021633 
0.538108 0.0653278 0.0270117 0.0354818 0.0386536 0.0343134 0.173711 0.0186425 0.0213058 0.0295147 0.0179293 
0.0202498 0.0350411 0.840606 0.0111536 0.0116418 0.0118436 0.00886193 0.00914115 0.0327821 0.0146046 0.00407417 
0.538473 0.136706 0.0304054 0.0413283 0.0423579 0.0394053 0.0702074 0.0237982 0.0262883 0.0306663 0.0203644 
0.0882991 0.547675 0.0538031 0.0460185 0.0359188 0.0506697 0.029711 0.0513648 0.0376057 0.039076 0.0198588 
0.0506005 0.598852 0.0472053 0.0391676 0.0321602 0.0511507 0.02776 0.0581859 0.0367955 0.0395809 0.0185412 
0.0186342 0.0246255 0.860746 0.00993989 0.0106157 0.0103438 0.00798675 0.00769165 0.0325327 0.0133375 0.00354691 
0.0448796 0.274699 0.416699 0.0293509 0.0260909 0.0353375 0.0220063 0.0603435 0.0440783 0.0335915 0.0129235 
0.0506134 0.601014 0.0440255 0.0393173 0.0322037 0.0514509 0.0278349 0.0587543 0.0364951 0.0396247 0.0186661 
0.769291 0.0423916 0.0160399 0.0336315 0.0373192 0.023909 0.0181472 0.00999167 0.0170489 0.0158826 0.0163471 
0.0505963 0.596327 0.0507511 0.0390185 0.0321158 0.050838 0.0276831 0.0576108 0.0371118 0.0395348 0.0184129 
0.0144617 0.0154368 0.0184798 0.0158174 0.0104674 0.0148674 0.0115084 0.00993292 0.863933 0.0153003 0.00979467 
0.05527 0.491786 0.0839491 0.0442517 0.0331907 0.0497377 0.0308226 0.10823 0.0422239 0.0413839 0.0191551 
0.0159172 0.0147862 0.0135141 0.850007 0.0217996 0.0098646 0.031273 0.00981896 0.0101179 0.00979711 0.0131049 
0.236296 0.352281 0.0401453 0.104909 0.045502 0.0479872 0.0360548 0.0398104 0.0362888 0.0364148 0.0243108 
0.0487195 0.336635 0.033675 0.0332871 0.0248244 0.0432389 0.0247175 0.368335 0.0319198 0.0366026 0.0180454 
0.132935 0.111774 0.522217 0.0362348 0.0308807 0.0310563 0.0222451 0.0264469 0.0451426 0.0279725 0.0130942 
0.775915 0.0390811 0.0156177 0.0327214 0.0373287 0.0234559 0.0178644 0.00955698 0.0167112 0.0155126 0.0162355 
0.0188771 0.0259051 0.858124 0.0101064 0.0107576 0.0105471 0.00810688 0.00789049 0.0325559 0.0135107 0.00361892 
0.0223651 0.0279595 0.846627 0.0109837 0.0120217 0.0115214 0.00931025 0.00896482 0.0316759 0.0145154 0.00405536 
0.0155654 0.0128621 0.0150703 0.809342 0.0189535 0.0105141 0.026763 0.00950488 0.0582906 0.0106638 0.0124709 
0.775913 0.0390814 0.0156177 0.0327219 0.0373294 0.0234559 0.0178644 0.00955705 0.0167112 0.0155126 0.0162355 
0.0023369 0.00467312 0.00332869 0.00444731 0.940794 0.00822316 0.00418925 0.00686995 0.00849094 0.00777019 0.00887687 
0.0513318 0.447648 0.213328 0.0381227 0.0316895 0.0441371 0.0266163 0.0483603 0.0448648 0.037969 0.0159325 
0.495671 0.165823 0.0366459 0.0614856 0.0463724 0.0404325 0.0401017 0.026018 0.0346471 0.0308319 0.0219707 
0.775908 0.039085 0.0156182 0.0327217 0.0373287 0.0234565 0.0178647 0.00955748 0.0167116 0.015513 0.0162356 
0.0207285 0.0385606 0.834155 0.0115165 0.0119461 0.012296 0.00912246 0.00958661 0.0328745 0.0149799 0.00423361 
0.0229499 0.0247906 0.846864 0.0116077 0.0129102 0.0119243 0.00918228 0.00843122 0.0332695 0.013953 0.00411771 
0.0506111 0.601017 0.044025 0.0393172 0.0322035 0.051451 0.0278349 0.0587548 0.0364951 0.0396248 0.018666 
0.00596459 0.0271025 0.00820619 0.00842876 0.879063 0.0152379 0.00725236 0.0127146 0.0129928 0.0123677 0.0106701 
0.0551978 0.369869 0.0476055 0.0359529 0.0344068 0.0523216 0.253747 0.05043 0.0318587 0.049917 0.0186934 
0.701474 0.0484087 0.0232251 0.0501887 0.049927 0.0319444 0.0227657 0.0132111 0.0220703 0.0187375 0.0180478 
0.586447 0.147814 0.0258955 0.0490976 0.0407829 0.0349559 0.0246437 0.0208933 0.0251036 0.0246287 0.0197375 
0.0506111 0.601016 0.0440255 0.0393172 0.0322035 0.051451 0.0278349 0.0587547 0.0364951 0.0396248 0.018666 
0.036897 0.0174035 0.00982319 0.0110925 0.852624 0.0154374 0.00916375 0.0101696 0.0136888 0.0124158 0.0112841 
0.242631 0.0290776 0.0131821 0.027308 0.0173736 0.59701 0.0146377 0.0104697 0.0131733 0.0134282 0.0217089 
0.727855 0.0407736 0.0178237 0.0697754 0.0369768 0.0235634 0.0214929 0.0108157 0.0173634 0.0163687 0.0171914 
0.169407 0.293329 0.0479745 0.0668695 0.0429857 0.0947419 0.0350684 0.139853 0.040318 0.041691 0.0277623 
0.739013 0.031348 0.0144484 0.0289988 0.0316668 0.0804487 0.0166623 0.00930318 0.015404 0.0146199 0.0180871 
0.701474 0.0484087 0.0232251 0.0501887 0.049927 0.0319444 0.0227657 0.0132111 0.0220703 0.0187375 0.0180478 
0.0158811 0.0146688 0.0134874 0.850304 0.021785 0.00983685 0.0312803 0.00978948 0.010096 0.00977406 0.0130972 
0.0490708 0.214619 0.0442711 0.0295363 0.0302996 0.0449404 0.458149 0.0400908 0.0258686 0.0472019 0.0159528 
0.0203566 0.0128729 0.0172505 0.460297 0.0193385 0.014103 0.406763 0.0114953 0.00978335 0.0173402 0.0104003 
0.128409 0.0407196 0.0720929 0.0913282 0.153876 0.154449 0.0693937 0.0492259 0.110522 0.0750233 0.0549608 
0.0274167 0.010691 0.0231776 0.0116489 0.0162974 0.021902 0.823062 0.0138625 0.00922881 0.0351187 0.00759481 
0.639116 0.0538583 0.124516 0.0318212 0.0338448 0.0250547 0.0194853 0.0126803 0.0257768 0.0198203 0.0140262 
0.0352762 0.0322663 0.75855 0.0162334 0.0175889 0.0206494 0.0421644 0.0127514 0.0340607 0.0236729 0.00678649 
0.0299307 0.0218801 0.0167441 0.777105 0.0239928 0.0134622 0.0660416 0.0120178 0.011915 0.0134571 0.0134537 
0.00313882 0.00577297 0.00637315 0.00510159 0.931455 0.00891568 0.0049223 0.00750542 0.00976377 0.00848298 0.00856803 
0.711467 0.0524048 0.0233068 0.0566378 0.0383523 0.0258858 0.020988 0.0154654 0.0200201 0.0182369 0.0172353 
0.644059 0.0378062 0.0436394 0.0756849 0.050957 0.0457359 0.0230303 0.0135653 0.0254965 0.020835 0.0191904 
0.0557776 0.596002 0.0438363 0.0397118 0.0327209 0.0514215 0.0279849 0.0577023 0.0364787 0.0394961 0.0188677 
0.050895 0.600744 0.0440125 0.0393397 0.032233 0.0514494 0.0278434 0.0586938 0.0364939 0.0396173 0.0186775 
0.75442 0.0439663 0.0171061 0.0421894 0.0376575 0.0245744 0.0193656 0.0105383 0.0173768 0.0162654 0.0165405 
0.60286 0.127702 0.0440892 0.0395938 0.0396331 0.0336421 0.0233512 0.0194863 0.0268398 0.0244349 0.0183668 
0.0397601 0.0522607 0.0307086 0.0250468 0.0222648 0.0293721 0.715619 0.0222674 0.0153152 0.0363331 0.0110525 
0.016518 0.00962849 0.0328898 0.0109621 0.010234 0.0138083 0.012262 0.00960949 0.860722 0.0146957 0.00866971 
0.0643311 0.255704 0.0572286 0.3217 0.0494782 0.043341 0.0635399 0.0478561 0.0355322 0.0374234 0.023865 
0.0519084 0.598631 0.0442385 0.0402293 0.0324121 0.0513435 0.0279961 0.0584273 0.0365059 0.0395602 0.0187479 
0.0506112 0.601016 0.044025 0.0393172 0.0322035 0.051451 0.0278349 0.0587551 0.0364951 0.0396248 0.018666 
0.566122 0.0652076 0.0218711 0.176242 0.0405378 0.026894 0.0271108 0.0155486 0.0207973 0.0199268 0.0197421 
0.0213177 0.0280658 0.848002 0.0107384 0.0115188 0.0113605 0.00877843 0.00868877 0.0335997 0.0139907 0.00393886 
0.0246343 0.00377194 0.00797062 0.0110553 0.00608042 0.0139274 0.00964828 0.885587 0.0118158 0.0161984 0.00931001 
0.0514476 0.580561 0.0669772 0.0387903 0.0322264 0.0498628 0.0287967 0.0553395 0.0383778 0.0395977 0.0180234 
0.144701 0.367954 0.144906 0.0620454 0.0419437 0.0489124 0.0413026 0.0422498 0.0441101 0.0410388 0.0208363 
0.0506111 0.601017 0.044025 0.0393172 0.0322035 0.051451 0.0278349 0.0587548 0.0364951 0.0396248 0.018666 
0.721284 0.0355041 0.0175589 0.0663885 0.0367458 0.023607 0.0371594 0.0109204 0.0167929 0.0174289 0.0166103 
0.0186371 0.0236745 0.86 0.00987719 0.0105586 0.0103147 0.0082103 0.00779969 0.0340535 0.0133168 0.00355794 
0.63153 0.0905214 0.0282535 0.0557619 0.0424035 0.0338563 0.0327544 0.0179694 0.0238255 0.0238221 0.0193022 
0.0129535 0.00497058 0.00327711 0.010949 0.0122027 0.0267593 0.00990474 0.00929887 0.884667 0.0127248 0.0122925 
0.0321516 0.141906 0.0377475 0.0261001 0.584893 0.0499708 0.0187534 0.0285628 0.0349539 0.0266291 0.0183322 
0.74014 0.0550112 0.0257844 0.0334852 0.0365494 0.0253966 0.0188318 0.0116812 0.0194522 0.0175812 0.016087 
0.775616 0.0392484 0.0156384 0.0327334 0.0373286 0.0234804 0.0178761 0.00957822 0.0167285 0.0155314 0.0162406 
0.066734 0.0627925 0.715379 0.0272563 0.0195752 0.0186821 0.0154277 0.0138017 0.033102 0.0195008 0.00774853 
0.29513 0.34734 0.0437512 0.045867 0.0588296 0.0483886 0.0297395 0.0373446 0.0355749 0.0354762 0.022559 
0.775915 0.0390811 0.0156177 0.0327214 0.0373287 0.0234559 0.0178644 0.00955698 0.0167112 0.0155126 0.0162355 
0.644752 0.0468196 0.118718 0.0327284 0.0351415 0.0252429 0.0241315 0.0124092 0.0258461 0.0200811 0.0141292 
0.100664 0.101814 0.424516 0.0307661 0.105393 0.0886844 0.022903 0.0261088 0.049666 0.0313178 0.0181653 
0.0557776 0.596002 0.0438363 0.0397118 0.0327209 0.0514215 0.0279849 0.0577023 0.0364787 0.0394961 0.0188677 
0.0509816 0.590295 0.0437831 0.0392013 0.0319005 0.0512589 0.0282201 0.0692723 0.0364968 0.0398021 0.0187883 
0.0632997 0.565643 0.0442364 0.0467994 0.0343898 0.0504201 0.0300332 0.0562472 0.0378931 0.0406082 0.0304301 
0.199846 0.0632145 0.028729 0.51061 0.0390021 0.0260721 0.0495664 0.0189783 0.0215371 0.0220695 0.0203743 
0.748175 0.0446043 0.0174024 0.0443784 0.0381508 0.0254984 0.0197199 0.0109434 0.0177737 0.0165999 0.0167535 
0.0245027 0.0117396 0.020734 0.0717919 0.0177685 0.0184297 0.777223 0.0129828 0.0095924 0.0264342 0.0088007 
0.363297 0.0950671 0.106515 0.104669 0.0724142 0.0643551 0.0415264 0.0315631 0.0588147 0.035596 0.0261819 
0.775915 0.0390811 0.0156177 0.0327214 0.0373287 0.0234559 0.0178644 0.00955698 0.0167112 0.0155126 0.0162355 
0.0023369 0.00467312 0.00332869 0.00444731 0.940794 0.00822316 0.00418925 0.00686995 0.00849094 0.00777019 0.00887687 
0.0927576 0.03223 0.0398319 0.0303644 0.019955 0.0486332 0.0219731 0.623305 0.0473854 0.0265163 0.0170487 
0.0159068 0.0146552 0.0135076 0.849626 0.0217662 0.00985906 0.0319012 0.00979869 0.010093 0.00980969 0.0130764 
0.0158818 0.0146689 0.0134874 0.850303 0.0217851 0.00983692 0.0312802 0.00978948 0.010096 0.0097741 0.0130972 
0.0432211 0.022887 0.0223094 0.791203 0.0251595 0.0136062 0.0304206 0.0119385 0.013155 0.0123359 0.0137636 
0.0154736 0.00951333 0.0128376 0.00951327 0.00419101 0.897107 0.00782233 0.00675453 0.00758898 0.00789185 0.0213067 
0.0283443 0.0145199 0.0240025 0.0125091 0.0169182 0.0229817 0.812423 0.0150899 0.00999713 0.0352252 0.00798871 
0.0201569 0.0315057 0.846571 0.0108172 0.0114656 0.0114084 0.0086108 0.00868733 0.0326315 0.0142127 0.00393257 
0.775372 0.0390206 0.0156962 0.0332523 0.0373077 0.0234235 0.0179002 0.00956723 0.016717 0.0155113 0.0162315 
0.0023369 0.00467312 0.00332869 0.00444731 0.940794 0.00822316 0.00418925 0.00686995 0.00849094 0.00777019 0.00887687 
0.0557793 0.468106 0.0482243 0.0402241 0.0351535 0.0538579 0.14188 0.0546565 0.0344409 0.0481931 0.0194843 
0.775356 0.0390168 0.0156262 0.033341 0.037309 0.0234229 0.0179086 0.00956672 0.016704 0.0155077 0.0162411 
0.775915 0.0390811 0.0156177 0.0327214 0.0373287 0.0234559 0.0178644 0.00955698 0.0167112 0.0155126 0.0162355 
0.0506111 0.601005 0.0440422 0.0393164 0.0322033 0.0514493 0.0278345 0.0587516 0.0364967 0.0396246 0.0186653 
0.050644 0.595508 0.0510365 0.0389981 0.0321404 0.0508474 0.0281119 0.0575738 0.0371172 0.0396093 0.0184132 
0.0506111 0.601017 0.044025 0.0393172 0.0322035 0.051451 0.0278349 0.0587548 0.0364951 0.0396248 0.018666 
0.775564 0.0391661 0.0156346 0.0329039 0.0373232 0.0234628 0.0178853 0.00957361 0.0167232 0.0155234 0.0162401 
0.0512676 0.593714 0.0528981 0.0389605 0.0325901 0.0506653 0.0276532 0.0570691 0.0373063 0.0394911 0.0183848 
0.00240358 0.00475115 0.00356545 0.00449832 0.939419 0.00828865 0.00423683 0.00688398 0.00928713 0.00783513 0.00883053 
0.0506095 0.600708 0.0444863 0.0392948 0.032197 0.0514061 0.0278237 0.0586696 0.0365397 0.0396182 0.0186473 
0.0210676 0.0261411 0.836794 0.0127369 0.01263 0.0128885 0.0136806 0.0119879 0.0322267 0.0153609 0.00448558 
0.0422793 0.536946 0.0387056 0.0358402 0.121981 0.0502225 0.026141 0.0536514 0.0359623 0.038292 0.0199794 
0.732624 0.0642803 0.0183735 0.0344398 0.0376489 0.0267087 0.0194455 0.0124657 0.01901 0.0180131 0.0169904 
0.0274167 0.0106911 0.0231776 0.011649 0.0162974 0.021902 0.823061 0.0138625 0.00922882 0.0351187 0.00759481 
0.0629084 0.570439 0.0588501 0.0409842 0.0356674 0.0507467 0.0288776 0.0545994 0.0381304 0.03952 0.0192769 
0.0342015 0.0666121 0.0241772 0.716207 0.027853 0.0196872 0.0412937 0.0188547 0.0172075 0.0178108 0.0160955 
0.0576666 0.466299 0.0483587 0.0425305 0.0356071 0.0538971 0.13868 0.0544996 0.0346414 0.048092 0.0197279 
0.13642 0.314489 0.184661 0.0640987 0.0467198 0.0590212 0.0342359 0.0412961 0.0568269 0.040532 0.0216997 
0.0506116 0.599953 0.045589 0.0392454 0.0321826 0.0513003 0.027798 0.0584683 0.0366449 0.0396026 0.0186039 
0.775821 0.0391214 0.0156251 0.0327249 0.0373223 0.0234851 0.0178671 0.00956289 0.0167154 0.0155173 0.016238 
0.0256468 0.00560074 0.00885509 0.0119301 0.00673332 0.0150724 0.010267 0.876533 0.0126324 0.017056 0.0096732 
0.049835 0.592943 0.0432551 0.0389297 0.0322125 0.063257 0.0276826 0.0574584 0.0360261 0.0391466 0.0192544 
0.0204141 0.0891143 0.0154919 0.0167641 0.00895541 0.768186 0.0131337 0.0175806 0.0137952 0.0153798 0.021185 
0.183223 0.164277 0.201544 0.0566263 0.0401438 0.163531 0.0451488 0.0349849 0.0465268 0.0388715 0.0251225 
0.0557224 0.573306 0.0456414 0.051293 0.0339678 0.0509937 0.0367706 0.0561798 0.0362703 0.0403826 0.0194725 
0.0781576 0.193626 0.171529 0.0394549 0.249788 0.0471025 0.0379277 0.0646249 0.0520836 0.0432528 0.0224535 
0.0558976 0.436405 0.0487164 0.0376592 0.0349757 0.053673 0.177117 0.0534521 0.0337239 0.0491522 0.0192282 
0.0190697 0.0151622 0.0135905 0.845475 0.0221684 0.0101345 0.0311689 0.00981331 0.0102709 0.00995397 0.0131927 
0.69583 0.0356473 0.0164965 0.112833 0.0366613 0.0217179 0.0214752 0.0104272 0.0165304 0.0154659 0.0169146 
0.0469324 0.0230733 0.0271446 0.739137 0.0407265 0.0204661 0.035364 0.0149153 0.0206967 0.0154384 0.016106 
0.0516809 0.54982 0.0418971 0.0385927 0.0307106 0.0503953 0.0277228 0.113965 0.036182 0.0399504 0.0190833 
0.696862 0.0861494 0.0204353 0.0358186 0.0381885 0.0290807 0.0206252 0.0146933 0.0206958 0.0198423 0.0176085 
0.0161257 0.0148425 0.0135256 0.84965 0.0218286 0.00988961 0.0312517 0.00982591 0.0101339 0.00981301 0.0131131 
0.0666779 0.217205 0.074584 0.0857115 0.0922854 0.0543866 0.0575724 0.202989 0.0733671 0.048616 0.0266061 
0.051712 0.594457 0.044258 0.0394543 0.0371569 0.0513787 0.0279523 0.0585034 0.0366524 0.0395662 0.0189087 
0.411146 0.053213 0.333511 0.0380388 0.0363721 0.0252454 0.0200739 0.0140562 0.0333493 0.0219106 0.0130835 
0.0316182 0.0279966 0.830797 0.0126129 0.0164938 0.0122274 0.00978135 0.00861678 0.0310285 0.0142463 0.00458153 
0.775826 0.0391307 0.0156238 0.0327251 0.0373287 0.0234632 0.0178679 0.00956329 0.0167163 0.0155182 0.016237 
0.115617 0.0406416 0.0675612 0.170747 0.140472 0.130592 0.0707554 0.0463611 0.0967094 0.0678726 0.0526706 
0.773852 0.0395231 0.0156519 0.0326099 0.0387804 0.0235027 0.0178498 0.00964477 0.0167673 0.0155737 0.0162448 
0.0159783 0.014684 0.01349 0.850169 0.0217978 0.00984589 0.0312645 0.00978969 0.0101016 0.00977903 0.0131006 
0.0275646 0.0121621 0.0233506 0.0137045 0.016645 0.0220486 0.818418 0.01427 0.00955703 0.034448 0.00783125 
0.058177 0.0158056 0.0544957 0.0180453 0.0188648 0.0212244 0.750329 0.0131067 0.0127013 0.0288245 0.00842601 
0.051242 0.592587 0.0445416 0.0392278 0.0325482 0.0517905 0.0341 0.0583227 0.0362717 0.0406046 0.0187636 
0.0133975 0.0116692 0.268615 0.00836977 0.00840805 0.0103419 0.00786179 0.00682805 0.647253 0.0120058 0.00524982 
0.681536 0.0782328 0.0229581 0.036837 0.0437549 0.0323695 0.0270668 0.015515 0.0219755 0.0213217 0.0184333 
0.683458 0.089572 0.0210862 0.0415493 0.0386245 0.0295724 0.0214244 0.0153124 0.0211324 0.0203065 0.0179623 
0.0212989 0.043004 0.826189 0.0119505 0.0123089 0.012839 0.00943358 0.0101257 0.0329978 0.0154273 0.0044252 
0.0468668 0.185871 0.0402368 0.027745 0.0288979 0.0427647 0.505112 0.0375498 0.0239754 0.0458158 0.0151655 
0.114198 0.0457645 0.702183 0.0192518 0.0194237 0.0174541 0.0132611 0.0119043 0.0314439 0.0177291 0.00738671 
0.494466 0.0447198 0.0441048 0.18234 0.0435761 0.0363635 0.0666704 0.0170687 0.0240408 0.0255224 0.0211272 
0.701474 0.0484087 0.0232251 0.0501887 0.049927 0.0319444 0.0227657 0.0132111 0.0220703 0.0187375 0.0180478 
0.132531 0.371518 0.141513 0.0702082 0.0442553 0.0499137 0.0348092 0.0475404 0.0458467 0.0405185 0.0213454 
0.0158811 0.0146688 0.0134874 0.850304 0.021785 0.00983685 0.0312803 0.00978948 0.010096 0.00977406 0.0130972 
0.0158811 0.0146688 0.0134874 0.850304 0.021785 0.00983685 0.0312803 0.00978948 0.010096 0.00977406 0.0130972 
0.775914 0.0390815 0.0156177 0.0327215 0.0373287 0.023456 0.0178644 0.00955704 0.0167112 0.0155126 0.0162355 
0.316168 0.210852 0.0628226 0.0536267 0.0425612 0.150731 0.0307924 0.0337598 0.0374832 0.0342334 0.0269695 
0.594482 0.148423 0.0255139 0.0433013 0.0402812 0.0348122 0.0239559 0.020582 0.0248557 0.0243815 0.0194115 
0.0158811 0.0146688 0.0134874 0.850304 0.021785 0.00983685 0.0312803 0.00978948 0.010096 0.00977406 0.0130972 
0.0457181 0.292745 0.392482 0.0301284 0.0264988 0.036361 0.0225349 0.0618065 0.0441223 0.0343081 0.0132953 
0.0125593 0.00942277 0.204098 0.0114688 0.00844161 0.0101035 0.00827514 0.00658899 0.711658 0.0117665 0.00561728 
0.0506111 0.601017 0.044025 0.0393172 0.0322035 0.051451 0.0278349 0.0587548 0.0364951 0.0396248 0.018666 
0.018489 0.0240336 0.859604 0.00987808 0.0105969 0.0102977 0.00795861 0.00763349 0.0346751 0.0132823 0.00355127 
0.039066 0.0611215 0.741544 0.0228304 0.0204679 0.0196298 0.0160945 0.0160714 0.0352056 0.0204716 0.00749771 
0.0950095 0.318812 0.084203 0.0550181 0.0542106 0.0548794 0.0577473 0.165099 0.0435546 0.0478711 0.0235961 
0.0627816 0.0136761 0.0215312 0.0166915 0.018549 0.0250927 0.779745 0.0130746 0.0102839 0.0296394 0.00893466 
0.0467584 0.0388921 0.020104 0.758863 0.0272748 0.0172328 0.0319302 0.0143346 0.0147665 0.0144652 0.0153784 
0.0506111 0.601017 0.044025 0.0393172 0.0322035 0.051451 0.0278349 0.0587548 0.0364951 0.0396248 0.018666 
0.0470118 0.265647 0.391987 0.0304701 0.0264442 0.0367473 0.0229347 0.0852667 0.0446937 0.0350904 0.0137066 
0.0518901 0.541669 0.045634 0.0885743 0.035361 0.0490935 0.0376725 0.0542236 0.0361261 0.0393139 0.0204419 
0.0580704 0.17525 0.504741 0.0279096 0.0254282 0.0319899 0.0209667 0.0519045 0.0599733 0.0313156 0.0124512 
0.357642 0.226045 0.0998799 0.0470351 0.049435 0.0482424 0.0313505 0.0402967 0.0424626 0.0357245 0.021886 
0.0511272 0.593177 0.0444433 0.0402134 0.0325646 0.0516449 0.0330757 0.0582735 0.0362891 0.0403988 0.0187926 
0.749794 0.0510501 0.0218169 0.0340297 0.0367653 0.0249204 0.0186592 0.0111529 0.0185985 0.017023 0.01619 
0.00437873 0.00862089 0.00474617 0.00601048 0.913522 0.0189708 0.0054853 0.0085395 0.00992488 0.00920102 0.0106006 
0.161157 0.253019 0.104659 0.156046 0.0504214 0.0540663 0.0664829 0.0427013 0.0436099 0.0425286 0.0253084 
0.293586 0.0697516 0.137927 0.287388 0.0466407 0.0303454 0.0346584 0.0202599 0.0328371 0.026285 0.0203208 
0.132531 0.371518 0.141513 0.0702082 0.0442553 0.0499137 0.0348092 0.0475404 0.0458467 0.0405185 0.0213454 
0.194547 0.164119 0.113841 0.108559 0.0606135 0.0707085 0.0905351 0.0438869 0.0758901 0.0475175 0.0297832 
0.142872 0.0520402 0.0460191 0.278036 0.0411811 0.0333464 0.303852 0.0246646 0.0240533 0.0336023 0.0203325 
0.0609424 0.282372 0.114907 0.0367178 0.0292691 0.0518341 0.0282905 0.291358 0.0438416 0.0412606 0.0192074 
0.0579965 0.0305428 0.024283 0.724456 0.0402437 0.019916 0.0381164 0.0146572 0.0175496 0.0159493 0.0162899 
0.0506111 0.601017 0.044025 0.0393172 0.0322035 0.051451 0.0278349 0.0587548 0.0364951 0.0396248 0.018666 
0.00933318 0.00326735 0.00134807 0.00774978 0.00722311 0.012299 0.00946157 0.00649966 0.918539 0.012908 0.0113709 
0.0954999 0.413685 0.185239 0.0444219 0.0363032 0.0463873 0.0334599 0.0429362 0.0443127 0.039635 0.0181192 
0.621823 0.0546486 0.0383452 0.0417736 0.085479 0.0467154 0.0233168 0.0177512 0.0280155 0.0219733 0.0201579 
0.760229 0.0480015 0.0166691 0.0333536 0.0373768 0.024698 0.0184626 0.0106466 0.0175889 0.0164673 0.0165071 
0.0506111 0.601017 0.044025 0.0393172 0.0322035 0.051451 0.0278349 0.0587548 0.0364951 0.0396248 0.018666 
0.775915 0.0390811 0.0156177 0.0327214 0.0373287 0.0234559 0.0178644 0.00955698 0.0167112 0.0155126 0.0162355 
0.0772105 0.0785582 0.440972 0.0505662 0.0746108 0.0461801 0.0973521 0.0296616 0.0476951 0.0400594 0.0171342 
0.107317 0.390573 0.108606 0.0551024 0.0423148 0.0729722 0.0610697 0.0480255 0.046392 0.0449862 0.0226407 
0.0506111 0.601017 0.044025 0.0393172 0.0322035 0.051451 0.0278349 0.0587548 0.0364951 0.0396248 0.018666 
0.775914 0.0390811 0.0156196 0.0327211 0.0373283 0.0234558 0.0178643 0.00955702 0.0167115 0.0155127 0.0162352 
0.7407 0.055686 0.0175671 0.033496 0.0360973 0.032936 0.0189438 0.0117379 0.0182812 0.0173141 0.0172411 
0.0506111 0.601017 0.044025 0.0393172 0.0322035 0.051451 0.0278349 0.0587548 0.0364951 0.0396248 0.018666 
0.0184385 0.0239333 0.861886 0.00984552 0.0109346 0.010248 0.00792048 0.00760353 0.0324229 0.013242 0.00352509 
0.115664 0.437595 0.117464 0.0423175 0.0370887 0.0493265 0.029592 0.0674393 0.0432006 0.040481 0.0198309 
0.147491 0.0399657 0.0518478 0.391913 0.139946 0.071425 0.0401104 0.0223954 0.0364644 0.0260737 0.032367 
0.0506111 0.601017 0.044025 0.0393172 0.0322035 0.051451 0.0278349 0.0587548 0.0364951 0.0396248 0.018666 
0.0159787 0.0150415 0.0135718 0.84938 0.021829 0.00992353 0.0312601 0.00988323 0.0101645 0.00984648 0.013121 
0.064669 0.542585 0.0946717 0.0390594 0.033364 0.0485775 0.0288133 0.0506867 0.0402499 0.0393601 0.0179638 
0.0505777 0.60066 0.0439887 0.0392995 0.0321601 0.052031 0.0278281 0.058689 0.0364699 0.0395999 0.0186959 
0.14644 0.102712 0.337089 0.154632 0.0476617 0.0364264 0.0426777 0.0314082 0.0479265 0.0338089 0.0192181 
0.457723 0.155269 0.0607518 0.0689724 0.0440453 0.0412556 0.0303898 0.0517523 0.0353072 0.0320324 0.0225009 
0.770994 0.0412563 0.0159103 0.0338203 0.0373219 0.0237377 0.0180903 0.00985904 0.0169349 0.01576 0.0163156 
0.0557776 0.596002 0.0438363 0.0397118 0.0327209 0.0514215 0.0279849 0.0577023 0.0364787 0.0394961 0.0188677 
0.0185239 0.0240289 0.86197 0.00986129 0.0105485 0.0102478 0.00792993 0.00760081 0.0325202 0.0132551 0.00351311 
