0.269511 0.00314802 0.714049 0.00220576 0.0065691 0.00243403 0.00208322 
0.984371 0.00321692 0.00294915 0.00225169 0.00272359 0.00236621 0.00212116 
0.00204217 0.988053 0.00215062 0.00165433 0.00221819 0.00182895 0.00205274 
0.00280928 0.00212549 0.989199 0.00136018 0.00171654 0.00150461 0.00128512 
0.00353611 0.982957 0.00291274 0.00176904 0.00511608 0.00203358 0.00167539 
0.981051 0.00388922 0.00459856 0.00219927 0.0030969 0.00309085 0.00207381 
0.00177957 0.0017725 0.00174215 0.989736 0.0018079 0.00165573 0.00150604 
0.00179994 0.00188486 0.00177833 0.989551 0.00181616 0.00166204 0.00150773 
0.117165 0.00240334 0.872513 0.00170566 0.00245122 0.00214857 0.00161337 
0.766564 0.00498969 0.00295299 0.00264169 0.00315017 0.217183 0.00251833 
0.00175675 0.00172397 0.00169726 0.989901 0.00177026 0.00164709 0.0015038 
0.00238108 0.985118 0.00211997 0.00180099 0.00473048 0.00216947 0.00167989 
0.00243612 0.0021112 0.00219441 0.00224088 0.00248255 0.986439 0.00209545 
0.976993 0.00955778 0.00232914 0.00226647 0.00429847 0.00243987 0.002115 
0.00189921 0.985606 0.0016839 0.00165366 0.00180105 0.00574731 0.00160934 
0.0034927 0.391219 0.00315633 0.00224097 0.595039 0.00267524 0.00217704 
0.00181303 0.00175282 0.00177116 0.989641 0.00185083 0.00166238 0.00150856 
0.00169772 0.00158815 0.991205 0.00129304 0.001596 0.00138924 0.00123105 
0.00197978 0.00215166 0.00214026 0.988378 0.00209263 0.00173181 0.00152572 
0.00179277 0.00182407 0.00171838 0.989728 0.00177845 0.00165315 0.00150564 
0.00261824 0.00264286 0.00230988 0.00223029 0.0026901 0.985422 0.00208615 
0.00351563 0.00271757 0.98778 0.00137019 0.00167778 0.00164015 0.00129846 
0.00398551 0.00274027 0.986964 0.00141005 0.00191451 0.00166015 0.00132523 
0.00393003 0.00244008 0.98726 0.00138209 0.00214859 0.00152761 0.00131124 
0.00440229 0.00840219 0.00288699 0.00224274 0.977383 0.00255611 0.00212661 
0.147215 0.213265 0.491402 0.0129213 0.0791346 0.0446959 0.0113657 
0.00185429 0.00182142 0.00178433 0.989534 0.00183929 0.00165791 0.00150896 
0.00301023 0.0018665 0.988583 0.00139113 0.00192279 0.00191423 0.00131192 
0.0029604 0.986631 0.00371804 0.00161043 0.00176405 0.00175068 0.00156509 
0.00245746 0.00229215 0.00271225 0.00221881 0.00267201 0.985572 0.00207504 
0.00256787 0.00251262 0.00239307 0.00223148 0.00253558 0.985675 0.00208389 
0.0019366 0.00238745 0.989521 0.00134033 0.00202588 0.00151864 0.00127001 
0.00246001 0.0035798 0.00205247 0.00217194 0.985345 0.00224133 0.00214904 
0.0038131 0.00924894 0.980533 0.00142591 0.00193883 0.00168748 0.0013529 
0.00279152 0.370919 0.00238372 0.00217317 0.00275919 0.616915 0.00205898 
0.00252865 0.00226765 0.989098 0.00135407 0.00195058 0.00151915 0.00128215 
0.00357304 0.0235359 0.00236798 0.00223964 0.00384628 0.962345 0.00209174 
0.00199259 0.987462 0.00166894 0.00164915 0.00367537 0.00194513 0.0016072 
0.00179729 0.00167996 0.990117 0.00132489 0.00164753 0.0021738 0.00126 
0.984057 0.00267323 0.00425144 0.00220954 0.00245841 0.00226197 0.00208866 
0.00260469 0.00241403 0.00236798 0.00239485 0.00264206 0.977745 0.00983128 
0.00769975 0.976663 0.00810058 0.00171682 0.00234266 0.00184105 0.00163566 
0.0118352 0.768325 0.00506289 0.00306641 0.204858 0.00397377 0.00287928 
0.00373553 0.00442253 0.00362315 0.00337495 0.00369728 0.00346264 0.977684 
0.874167 0.0130903 0.0148074 0.00490391 0.0100242 0.0786893 0.00431828 
0.002405 0.00930142 0.981912 0.00139643 0.0020763 0.00158541 0.00132382 
0.00594871 0.00360443 0.984315 0.00146799 0.00179857 0.00153127 0.00133438 
0.00203956 0.00267352 0.00251071 0.986936 0.00253906 0.0017584 0.00154307 
0.00346018 0.00330529 0.00324088 0.00222094 0.982556 0.00307034 0.00214609 
0.0026073 0.00165365 0.0022288 0.00221287 0.986757 0.00235243 0.00218776 
0.00223398 0.00222692 0.989519 0.00134887 0.00188746 0.00151004 0.00127393 
0.00175615 0.0017224 0.00169677 0.989904 0.00177045 0.00164692 0.00150377 
0.00738025 0.00535883 0.978155 0.00160307 0.00415666 0.00185747 0.00148895 
0.00271675 0.00225948 0.00236628 0.0022351 0.00270915 0.985624 0.00208944 
0.0100052 0.00214721 0.979867 0.00150296 0.00331703 0.00174728 0.00141363 
0.0142775 0.425937 0.0768573 0.00622945 0.462853 0.00823223 0.00561384 
0.00187707 0.00169139 0.99079 0.0013056 0.00168122 0.00141285 0.00124206 
0.00376193 0.0035572 0.00361503 0.00341447 0.00369152 0.00348812 0.978472 
0.00296075 0.964838 0.00206373 0.0028714 0.00354257 0.0219092 0.00181474 
0.00382017 0.00201988 0.988273 0.001382 0.00170403 0.00151095 0.00128985 
0.00248037 0.00219769 0.0022324 0.00223952 0.00254441 0.986213 0.00209306 
0.00243923 0.977424 0.00199897 0.00172039 0.0128514 0.00189859 0.00166782 
0.00200367 0.9883 0.00172646 0.00163724 0.00296048 0.00177823 0.00159426 
0.0146795 0.00185308 0.97569 0.00149138 0.00324696 0.00162467 0.00141405 
0.00279435 0.00215784 0.002188 0.00224096 0.00255038 0.985973 0.00209554 
0.675716 0.00599123 0.308126 0.00230284 0.00293462 0.0027728 0.00215686 
0.00800146 0.980179 0.0030489 0.00181733 0.00285282 0.00239555 0.00170505 
0.0038042 0.00410588 0.0036926 0.00343657 0.00379446 0.00348117 0.977685 
0.0424483 0.00889208 0.925013 0.00295239 0.0124672 0.00558606 0.00264055 
0.150584 0.274055 0.332492 0.0335774 0.110891 0.083028 0.015373 
0.00749933 0.147112 0.832995 0.00235094 0.00461175 0.00326646 0.00216419 
0.00171476 0.00158066 0.99119 0.00129311 0.00159775 0.00139267 0.00123139 
0.00294648 0.00168372 0.00218087 0.00221362 0.985401 0.00338942 0.0021844 
0.00374775 0.00357113 0.00360499 0.00349109 0.00406656 0.00349567 0.978023 
0.00188823 0.00279542 0.989453 0.00134788 0.00178839 0.00146532 0.00126215 
0.00176731 0.00172436 0.00170301 0.98987 0.00178004 0.00165033 0.0015046 
0.00176093 0.00173942 0.00171702 0.989845 0.00178266 0.00165027 0.00150455 
0.830793 0.00479897 0.15526 0.00209716 0.00269967 0.00236862 0.00198256 
0.0154576 0.964628 0.00513556 0.00215928 0.00678115 0.00383464 0.00200355 
0.926986 0.00344369 0.0539791 0.00265044 0.00509562 0.00554719 0.0022981 
0.00175582 0.00172151 0.00169693 0.989907 0.00176867 0.00164672 0.00150369 
0.0134588 0.00582706 0.960251 0.00206493 0.00477741 0.0116895 0.00193128 
0.00377664 0.00362084 0.00372379 0.00340201 0.0037432 0.00350208 0.978231 
0.00179348 0.00181696 0.00175527 0.989699 0.00177947 0.00165058 0.00150504 
0.00374037 0.583656 0.00257668 0.00222757 0.402737 0.00292705 0.00213588 
0.00325722 0.151854 0.00282242 0.00217914 0.83512 0.00267327 0.00209403 
0.00176604 0.00174823 0.00171487 0.989834 0.0017815 0.00165026 0.0015046 
0.0275069 0.0116802 0.200905 0.00566301 0.0179817 0.731097 0.00516612 
0.693687 0.00520424 0.284409 0.00274363 0.00392652 0.00744283 0.00258632 
0.00175552 0.00172072 0.00169551 0.98991 0.00176835 0.00164665 0.00150367 
0.884026 0.092434 0.00916364 0.00272012 0.00549064 0.00362889 0.00253717 
0.00875422 0.00480356 0.933827 0.00284973 0.00514609 0.0423192 0.00230024 
0.00177002 0.00173575 0.00171721 0.989834 0.00178872 0.0016499 0.0015048 
0.00251245 0.00230703 0.00238332 0.00223298 0.00263618 0.985841 0.0020867 
0.00358687 0.979985 0.00180082 0.00173852 0.00925526 0.00195346 0.00168028 
0.00225183 0.00287259 0.00312647 0.985996 0.00231224 0.00189065 0.00155055 
0.00179776 0.989781 0.00163391 0.00160399 0.00188941 0.00172629 0.00156775 
0.00260203 0.00175828 0.00214883 0.00221447 0.986778 0.00230988 0.0021888 
0.985046 0.00241056 0.00228367 0.00230766 0.00335561 0.00243785 0.00215836 
0.0131324 0.00367984 0.97522 0.00155134 0.00310749 0.00184041 0.00146872 
0.536044 0.240324 0.0337683 0.0110259 0.0890188 0.0797058 0.0101132 
0.00886103 0.802517 0.144193 0.00526162 0.0221523 0.0113711 0.00564419 
0.00246757 0.00250202 0.00292297 0.985674 0.00298995 0.00187216 0.00157145 
0.00378492 0.00377869 0.00365545 0.00339982 0.00376644 0.00348709 0.978128 
0.00175882 0.00172965 0.00170355 0.989881 0.00177499 0.00164801 0.00150411 
0.0101179 0.00298785 0.00678537 0.00349982 0.971737 0.0027301 0.00214184 
0.00220723 0.00206883 0.989426 0.0013718 0.00186608 0.00177273 0.00128729 
0.00215191 0.978932 0.00206474 0.00348415 0.00879041 0.00283104 0.00174539 
0.00781436 0.00324447 0.981481 0.00147785 0.0028865 0.00169963 0.00139637 
0.00405225 0.00318592 0.9856 0.00142031 0.00278873 0.00160752 0.0013449 
0.00571766 0.972153 0.00692837 0.0020457 0.00792872 0.00284225 0.00238424 
0.0219727 0.0594735 0.0167252 0.0150311 0.655654 0.0202867 0.210856 
0.00199575 0.00227266 0.00209237 0.98819 0.00216551 0.001755 0.00152837 
0.00764462 0.319311 0.00258066 0.00260625 0.00293349 0.662454 0.00247003 
0.0030191 0.00165197 0.00268405 0.00220576 0.985895 0.00237156 0.00217271 
0.0546743 0.0299196 0.650319 0.0104708 0.120908 0.124555 0.00915281 
0.311836 0.00197318 0.679262 0.00163244 0.00202385 0.00171841 0.00155415 
0.0164207 0.974298 0.00186724 0.00170895 0.00200491 0.00198917 0.00171082 
0.0034328 0.981927 0.00194988 0.00176691 0.00666372 0.00255255 0.00170668 
0.00191357 0.988929 0.00190319 0.00162419 0.00224761 0.00175476 0.00162735 
0.00174946 0.00169338 0.990923 0.0013004 0.00169453 0.0014017 0.0012379 
0.00257728 0.983633 0.00318091 0.00171495 0.00523812 0.0020171 0.00163892 
0.0028974 0.981974 0.00216325 0.00202528 0.00464572 0.00297543 0.00331844 
0.00376057 0.00361744 0.00365141 0.00340765 0.00377326 0.00348139 0.978308 
0.00228248 0.00215362 0.00218906 0.987478 0.00262479 0.00172867 0.0015432 
0.67672 0.0908419 0.17357 0.00802379 0.0263972 0.0172831 0.00716402 
0.00175167 0.0017763 0.990427 0.00131389 0.0020581 0.00142258 0.0012506 
0.00210046 0.987744 0.00206053 0.00164272 0.00307772 0.00178368 0.00159041 
0.00181491 0.0017326 0.00170405 0.989816 0.00177739 0.00164965 0.00150557 
0.00181558 0.00184334 0.00181403 0.989487 0.00186386 0.0016668 0.00150917 
0.00222265 0.00180558 0.989331 0.00134751 0.00182073 0.00219198 0.00128018 
0.00270399 0.978607 0.00203093 0.00173169 0.0111555 0.00209606 0.00167505 
0.00176859 0.0017494 0.0017176 0.989819 0.00178954 0.0016511 0.00150492 
0.0018035 0.00176645 0.00173728 0.989734 0.00179872 0.00165376 0.00150619 
0.00476462 0.553276 0.00409064 0.00249606 0.430006 0.00298133 0.00238561 
0.983577 0.00299987 0.00418549 0.00222325 0.00259332 0.00232678 0.00209417 
0.00177935 0.00172692 0.00169975 0.989869 0.00177259 0.00164807 0.00150447 
0.00254283 0.987398 0.00173721 0.00167518 0.0028282 0.00219704 0.00162165 
0.00248632 0.00239078 0.00231979 0.00223791 0.00274726 0.985728 0.00208962 
0.635996 0.0743736 0.0902948 0.0127657 0.0508547 0.124677 0.0110384 
0.886104 0.00245643 0.00198114 0.00227776 0.00302399 0.102013 0.00214332 
0.00327463 0.00378696 0.0037223 0.00234947 0.0258746 0.958793 0.00219955 
0.0018754 0.00190012 0.00185415 0.98905 0.00205267 0.00168316 0.00158424 
0.00241237 0.00186009 0.989998 0.0013256 0.00170508 0.00143877 0.00125976 
0.00196081 0.989125 0.00192052 0.00161641 0.00203534 0.00176762 0.00157444 
0.00326746 0.00650082 0.00264073 0.00216792 0.980974 0.00233438 0.00211422 
0.00214857 0.00162602 0.990609 0.00131014 0.00163091 0.00142912 0.00124652 
0.4993 0.0114467 0.006189 0.00578095 0.0348623 0.437227 0.0051937 
0.00523428 0.00171283 0.986909 0.00138015 0.00195467 0.00149814 0.00131072 
0.981162 0.00269047 0.00520115 0.00220567 0.00277226 0.00389116 0.00207766 
0.00232146 0.961443 0.00191848 0.00177283 0.00242951 0.0284088 0.00170612 
0.00854639 0.981619 0.00197265 0.00170905 0.00259407 0.00190233 0.00165637 
0.0199918 0.00738688 0.0191654 0.00303446 0.00379344 0.94396 0.00266772 
0.0135972 0.898296 0.0543209 0.00401814 0.013578 0.00593539 0.0102546 
0.0327862 0.00423391 0.95516 0.00164144 0.00212274 0.0025065 0.00154955 
0.00253856 0.00240813 0.0024188 0.00223138 0.00256457 0.985754 0.00208428 
0.00253861 0.00232524 0.0022442 0.00223712 0.00265535 0.985907 0.00209218 
0.00432953 0.0019985 0.986321 0.00142462 0.00259763 0.00198413 0.00134457 
0.00176736 0.00173843 0.00170774 0.989857 0.0017762 0.00164853 0.00150433 
0.00250933 0.977294 0.00680873 0.00175467 0.00771591 0.00226289 0.00165432 
0.0034816 0.00544054 0.00410744 0.00213676 0.980385 0.0023601 0.00208814 
0.00247893 0.972744 0.00232256 0.00177695 0.016588 0.00238286 0.00170712 
0.860704 0.0165973 0.0893878 0.00450106 0.00828008 0.016472 0.00405771 
0.0037768 0.00356725 0.00362638 0.0034126 0.00370616 0.00348726 0.978424 
0.00190722 0.00180397 0.99066 0.00130799 0.00165628 0.00142006 0.00124406 
0.0024959 0.443937 0.00308085 0.00206337 0.544023 0.00240583 0.0019937 
0.00175556 0.0017208 0.00169558 0.989909 0.00176843 0.00164667 0.00150368 
0.0017718 0.00176021 0.00172219 0.989796 0.00179148 0.00165289 0.00150526 
0.0542869 0.0318586 0.811104 0.00781843 0.0304885 0.0578688 0.00657464 
0.0224007 0.938551 0.00421679 0.00433511 0.016731 0.0109523 0.00281353 
0.00406396 0.00433601 0.00434734 0.00333345 0.00429565 0.00349995 0.976124 
0.00273618 0.00186185 0.101105 0.00187043 0.888521 0.00208497 0.00182063 
0.0017665 0.00171935 0.99092 0.00130059 0.00165317 0.00140301 0.00123775 
0.202575 0.00218583 0.00207103 0.00214998 0.786762 0.00221162 0.00204458 
0.0107691 0.0165092 0.0037273 0.00249146 0.961072 0.00313202 0.00229864 
0.0026808 0.00170934 0.00212142 0.00221354 0.986767 0.00231833 0.00218988 
0.00176152 0.00174561 0.0017172 0.989832 0.00178854 0.00165063 0.00150467 
0.00379501 0.0035322 0.00371509 0.00340775 0.00370258 0.00348603 0.978361 
0.0113895 0.947863 0.00384569 0.00578332 0.00785165 0.0206448 0.00262183 
0.93538 0.0104122 0.00516609 0.00247753 0.0414454 0.00276089 0.00235773 
0.00190086 0.00161826 0.978847 0.0132259 0.00166341 0.00145047 0.00129412 
0.0037488 0.00350077 0.00356988 0.00342039 0.00368277 0.00348765 0.97859 
0.00169139 0.00158439 0.991227 0.00129162 0.00158834 0.00138727 0.00123012 
0.0197883 0.0421079 0.913922 0.00319361 0.0122507 0.00583447 0.00290289 
0.00381175 0.00369495 0.00373578 0.00339697 0.00381501 0.00348768 0.978058 
0.00315252 0.00217451 0.0021802 0.00220633 0.985782 0.00232893 0.00217572 
0.00437003 0.0089238 0.978787 0.00150478 0.00292277 0.00205348 0.00143768 
0.00376111 0.00356522 0.00361061 0.00341362 0.00372592 0.00348806 0.978435 
0.00284886 0.00280687 0.00223074 0.00219582 0.985427 0.00232868 0.00216221 
0.00404997 0.619858 0.00535602 0.00331472 0.361816 0.00303732 0.00256801 
0.0390876 0.00258247 0.00230195 0.00225292 0.947614 0.00396885 0.00219197 
0.00197343 0.00183631 0.0021421 0.988978 0.00188194 0.00167604 0.00151177 
0.0026631 0.00286719 0.987629 0.00138696 0.00256041 0.00158161 0.00131153 
0.0113793 0.0145375 0.943553 0.00277553 0.0194856 0.00573346 0.00253531 
0.00172874 0.00191086 0.990745 0.00130437 0.00165199 0.0014187 0.00124049 
0.00193555 0.00180033 0.990646 0.00130891 0.00165059 0.00141371 0.00124463 
0.00177972 0.00176481 0.00174138 0.989746 0.00180725 0.0016548 0.00150596 
0.00176194 0.00173225 0.00170431 0.989872 0.0017772 0.00164853 0.00150425 
0.0024505 0.0149925 0.00200703 0.002095 0.974169 0.00221937 0.00206673 
0.00242091 0.00224265 0.989283 0.00133901 0.00197965 0.00145913 0.00127563 
0.949594 0.0216318 0.017374 0.00237972 0.00386068 0.00294937 0.00221092 
0.00176666 0.00173576 0.990881 0.00130226 0.00166411 0.00141082 0.00123897 
0.0018287 0.00282885 0.989718 0.00131308 0.0016232 0.001438 0.00125052 
0.00281668 0.00395083 0.00331338 0.002218 0.00357401 0.982052 0.00207492 
0.00400976 0.943096 0.0212471 0.0033616 0.0217497 0.00420175 0.00233448 
0.00192973 0.00174006 0.990576 0.00131343 0.00173678 0.00145541 0.00124841 
0.00170137 0.00160344 0.991181 0.0012939 0.00159597 0.00139306 0.00123147 
0.00445587 0.00779748 0.00448797 0.00267696 0.975949 0.00254112 0.00209114 
0.00192545 0.00180693 0.00201326 0.989189 0.00188321 0.00167108 0.00151086 
0.00289437 0.00253031 0.00257361 0.00224053 0.00274798 0.984927 0.00208616 
0.0020251 0.896289 0.00197257 0.0017556 0.0943304 0.0019163 0.00171094 
0.00693655 0.0352645 0.00981558 0.00255864 0.939946 0.00304915 0.00242988 
0.00185944 0.989356 0.00167666 0.00161423 0.0021759 0.0017421 0.00157589 
0.0017945 0.989685 0.00174745 0.00160582 0.00186324 0.00173712 0.00156661 
0.00348142 0.907872 0.00476389 0.00289127 0.0569727 0.00335109 0.0206675 
0.0019769 0.00288016 0.989199 0.00134055 0.00185929 0.00147396 0.00127022 
0.00176416 0.00172533 0.00169959 0.989889 0.00176997 0.00164819 0.00150401 
0.986452 0.00246044 0.00170474 0.00231166 0.00254307 0.00234459 0.00218339 
0.191255 0.769527 0.00777235 0.00348304 0.0203614 0.0042591 0.00334181 
0.00357372 0.00209315 0.986965 0.00139648 0.00291575 0.00172919 0.00132669 
0.00175561 0.00172116 0.00169583 0.989908 0.0017686 0.00164675 0.00150369 
0.00174578 0.00157726 0.991179 0.00129308 0.00158164 0.00139195 0.0012315 
0.00632572 0.00284771 0.0204865 0.00212276 0.963889 0.00229632 0.00203159 
0.00374759 0.0035112 0.00356844 0.00343011 0.00369349 0.00348653 0.978563 
0.00311041 0.365722 0.00246678 0.00203428 0.622387 0.00229949 0.00197962 
0.00452831 0.0104525 0.970525 0.00185633 0.0079943 0.0029551 0.00168798 
0.00177859 0.00179614 0.00175435 0.989664 0.00182219 0.00167771 0.00150704 
0.00188898 0.988043 0.00171173 0.00163352 0.00195374 0.003176 0.00159333 
0.00171524 0.00163599 0.9911 0.00129556 0.00162391 0.00139568 0.00123345 
0.00172317 0.00221976 0.990515 0.0013014 0.00158898 0.00141214 0.00123959 
0.00174576 0.00163262 0.991091 0.0012965 0.00160092 0.00139898 0.00123397 
0.975557 0.00453802 0.00679547 0.00228776 0.00497325 0.00373541 0.00211289 
0.00266503 0.978766 0.00258532 0.00177298 0.0104984 0.00205291 0.00165908 
0.00282416 0.00326662 0.00212388 0.00219609 0.985082 0.00234692 0.00216011 
0.00266433 0.00164185 0.00212702 0.0022234 0.986703 0.00244565 0.002195 
0.870598 0.017896 0.0918831 0.00390261 0.00750793 0.00385157 0.00436052 
0.00285652 0.00186673 0.989459 0.00133635 0.00176101 0.00145038 0.00127028 
0.00500032 0.00323977 0.98556 0.00141711 0.00195291 0.00150437 0.00132597 
0.0193884 0.6736 0.00729829 0.00448763 0.284984 0.00614619 0.00409575 
0.83804 0.0254322 0.109791 0.00416948 0.0107019 0.00804524 0.00381996 
0.0017713 0.00169515 0.990896 0.00130308 0.0016879 0.00140753 0.00123947 
0.00374902 0.00350193 0.0035704 0.00342033 0.00368303 0.00348759 0.978588 
0.00317229 0.00896436 0.00264468 0.00435281 0.976081 0.00265884 0.00212626 
0.00377464 0.0037673 0.00373812 0.00339461 0.00371416 0.00347482 0.978136 
0.0156908 0.353397 0.0260521 0.00977378 0.0262337 0.562146 0.00670721 
0.00178739 0.00182206 0.00176889 0.989589 0.00186418 0.00165996 0.0015081 
0.00316963 0.00239439 0.987724 0.00138209 0.00229656 0.001723 0.00131049 
0.00265385 0.0102083 0.0038832 0.00238197 0.970076 0.00864935 0.00214747 
0.00247892 0.00222238 0.00224994 0.00223848 0.00250122 0.986213 0.00209604 
0.00259077 0.00187425 0.00208826 0.00221466 0.986666 0.00237761 0.00218891 
0.00202956 0.00194571 0.00186226 0.989114 0.00185502 0.0016777 0.00151532 
0.00481958 0.835766 0.00228373 0.00205615 0.150603 0.00248349 0.00198759 
0.00198547 0.981939 0.0017103 0.00169603 0.00181725 0.00900773 0.00184467 
0.00714104 0.00774524 0.96802 0.00191286 0.00341263 0.0100078 0.00176009 
0.00168689 0.00157717 0.991247 0.00129104 0.00158258 0.00138619 0.00122961 
0.00235137 0.510839 0.00206449 0.00185952 0.479017 0.00205792 0.00181063 
0.0030491 0.00238264 0.00275959 0.00223034 0.0026091 0.984755 0.00221444 
0.00632091 0.027615 0.952611 0.00200405 0.00668148 0.00289374 0.00187394 
0.0353946 0.0240729 0.0204012 0.88029 0.0248177 0.00992188 0.00510179 
0.00175736 0.0017255 0.00170117 0.989893 0.00177153 0.00164725 0.00150384 
0.00376315 0.00355355 0.0036004 0.00341507 0.00371526 0.00348635 0.978466 
0.00178345 0.00196536 0.00180256 0.989455 0.00181918 0.0016662 0.00150811 
0.00232504 0.0749368 0.00187483 0.915359 0.00199734 0.00183912 0.00166791 
0.0147673 0.00278601 0.974906 0.00153587 0.00283557 0.00172675 0.00144262 
0.956369 0.00633255 0.0127072 0.00283987 0.00400377 0.0153219 0.00242605 
0.00199785 0.0588837 0.00235483 0.931317 0.00198369 0.00181482 0.00164767 
0.00189263 0.00188391 0.00192934 0.989064 0.00201697 0.00169677 0.00151618 
0.00175574 0.00172083 0.0016956 0.989909 0.00176841 0.00164671 0.00150368 
0.00177017 0.00178426 0.0017465 0.989729 0.00180799 0.00165598 0.00150586 
0.00401461 0.00597547 0.00893041 0.225329 0.749399 0.00335395 0.00299758 
0.0644059 0.197132 0.718975 0.00482155 0.00533536 0.00554252 0.00378791 
0.00178594 0.00180686 0.00175493 0.989632 0.00184713 0.00166425 0.00150883 
0.412801 0.0338423 0.055543 0.00802998 0.473085 0.0096156 0.00708225 
0.00248118 0.00220843 0.00223034 0.00224038 0.00254442 0.986202 0.00209337 
0.00195431 0.940598 0.00173358 0.00174321 0.00190081 0.0503876 0.00168216 
0.0017675 0.00173952 0.00170844 0.989849 0.00178157 0.00164955 0.00150457 
0.0025103 0.0046247 0.00218288 0.00220722 0.00256056 0.983849 0.00206498 
0.00238562 0.986222 0.00180617 0.00170754 0.00193163 0.0041432 0.00180352 
0.00184667 0.00193496 0.990556 0.00131202 0.00167357 0.00143078 0.00124647 
0.00377635 0.0035489 0.00363796 0.00341308 0.0036984 0.00348668 0.978439 
0.0332909 0.912186 0.0324179 0.00346808 0.00642519 0.00392252 0.00828889 
0.10701 0.00193856 0.884413 0.0015686 0.00193532 0.00165327 0.00148123 
0.00253131 0.203587 0.00245949 0.00196533 0.785404 0.00213286 0.00192015 
0.00399576 0.00408743 0.00413485 0.0033511 0.00431049 0.00350044 0.97662 
0.1543 0.00283905 0.833061 0.00198656 0.00285292 0.00311018 0.00185094 
0.0568693 0.00775688 0.921083 0.00223435 0.00709627 0.0028708 0.00208917 
0.984912 0.00385295 0.00186462 0.00227755 0.00260769 0.0023347 0.00215061 
0.00429723 0.979408 0.00233876 0.00189037 0.00507483 0.00520044 0.00179018 
0.00248327 0.00238343 0.00222555 0.00223827 0.00251889 0.986047 0.00210375 
0.00620087 0.0334283 0.00400639 0.00276967 0.941713 0.00891429 0.00296743 
0.00184833 0.0018247 0.00182747 0.989256 0.00205479 0.00167388 0.00151473 
0.00245572 0.980255 0.00833352 0.00169081 0.00330875 0.00234464 0.0016111 
0.00405123 0.0802201 0.00361715 0.00255879 0.899683 0.00739568 0.00247398 
0.00359187 0.978799 0.00908312 0.00166684 0.00215785 0.00308993 0.00161131 
0.325302 0.00244283 0.664961 0.00171468 0.00214916 0.00180646 0.00162392 
0.50636 0.440189 0.00613276 0.00418095 0.0339091 0.00530408 0.00392416 
0.00559475 0.947712 0.004843 0.00311641 0.0204643 0.00385707 0.0144122 
0.00219114 0.968488 0.00255602 0.00174264 0.0214608 0.00187835 0.00168318 
0.00196595 0.00246552 0.00200291 0.988199 0.00211969 0.00171993 0.00152653 
0.00271606 0.00215117 0.00220341 0.00224112 0.00252943 0.986064 0.00209516 
0.00175738 0.00174796 0.00170063 0.989871 0.00177177 0.00164731 0.00150398 
0.00382155 0.00357998 0.00385401 0.0033969 0.00375531 0.00348262 0.97811 
0.00245742 0.00219158 0.00223885 0.00223799 0.00249578 0.986286 0.00209211 
0.00432059 0.00193473 0.986482 0.0014145 0.00293652 0.00157489 0.00133636 
0.00337915 0.00202065 0.988438 0.00138021 0.00194168 0.00153831 0.00130209 
0.00171271 0.00161031 0.991183 0.00129259 0.00158125 0.0013895 0.00123099 
0.00248622 0.986401 0.00175433 0.00253301 0.00325369 0.00179937 0.00177254 
0.00375813 0.947528 0.00336284 0.00191581 0.039376 0.00222846 0.00183081 
0.00303897 0.986518 0.00336431 0.00163205 0.0019858 0.00187918 0.00158132 
0.00441845 0.952785 0.00427743 0.0023318 0.0286959 0.00524381 0.00224722 
0.366186 0.150985 0.444941 0.00778135 0.0121273 0.0117413 0.00623785 
0.00243895 0.00807248 0.982144 0.00253557 0.00181296 0.00165522 0.00134079 
0.003819 0.00365761 0.00374877 0.00340025 0.00373405 0.00348444 0.978156 
0.00171223 0.00190587 0.990804 0.00130159 0.00162479 0.00141361 0.00123837 
0.00175901 0.00173914 0.00170562 0.989867 0.00177535 0.00164933 0.00150417 
0.0991498 0.00290906 0.890194 0.00170724 0.00253116 0.0019006 0.00160864 
0.00685386 0.00206767 0.0668106 0.00216602 0.917315 0.00272348 0.00206319 
0.00173485 0.00206724 0.990556 0.00130455 0.00166507 0.00143021 0.00124202 
0.958721 0.00395833 0.0139349 0.00241304 0.00434114 0.0143771 0.00225464 
0.00180742 0.0017729 0.00173228 0.989718 0.00179303 0.00167012 0.0015067 
0.00268912 0.00219898 0.00251843 0.00223713 0.00281682 0.985453 0.0020869 
0.0330346 0.012701 0.775262 0.00652266 0.15466 0.0130746 0.00474528 
0.00183657 0.00361027 0.00180164 0.987715 0.00184159 0.00167761 0.00151739 
0.00182426 0.00177289 0.00172907 0.989699 0.00180882 0.00165878 0.00150753 
0.00178585 0.00170015 0.990934 0.00130284 0.00160742 0.00141245 0.00125682 
0.00250862 0.00274335 0.00262878 0.923092 0.0644042 0.00238087 0.00224202 
0.00292484 0.00245741 0.00458317 0.00397139 0.00304155 0.981 0.00202196 
0.00258817 0.00223988 0.00234027 0.00224487 0.00259481 0.985903 0.00208938 
0.00526401 0.985312 0.00202995 0.00179357 0.00205365 0.00190343 0.00164303 
0.00175784 0.00161505 0.991025 0.00129927 0.0016644 0.00140178 0.00123644 
0.00199631 0.00170652 0.990035 0.00133748 0.00170864 0.00194929 0.00126714 
0.191254 0.0103552 0.78325 0.00280241 0.00572097 0.00400709 0.00261095 
0.0268296 0.00610035 0.891981 0.00268057 0.0667515 0.00311153 0.00254523 
0.00380228 0.00191475 0.988004 0.00137152 0.00210103 0.00150007 0.00130596 
0.981568 0.00557226 0.00261428 0.00223999 0.00345786 0.0024364 0.0021112 
0.00377496 0.00378385 0.00364469 0.00339976 0.00376041 0.00348387 0.978152 
0.0057379 0.00352946 0.0024951 0.00222349 0.98116 0.00266495 0.00218895 
0.00493738 0.00786545 0.00588181 0.00327848 0.0053616 0.00354393 0.969131 
0.00284253 0.00188954 0.00208653 0.00221085 0.986407 0.0023776 0.00218619 
0.00175596 0.00172233 0.00169621 0.989905 0.00176968 0.00164689 0.00150374 
0.00177802 0.00177766 0.00177931 0.989641 0.00184553 0.00167152 0.00150745 
0.00176696 0.00173295 0.00171032 0.989842 0.00179355 0.00164984 0.00150484 
0.00203848 0.00221562 0.989402 0.00135086 0.00208395 0.00163094 0.00127847 
0.0133879 0.00714238 0.0925793 0.00305971 0.876247 0.00465347 0.00293037 
0.00176022 0.0017412 0.00170654 0.989855 0.00178134 0.00165084 0.00150446 
0.00182505 0.00177468 0.00186145 0.989349 0.00200444 0.00167305 0.00151269 
0.00194393 0.00176137 0.990325 0.00132001 0.00195466 0.00144055 0.00125488 
0.00177473 0.00179634 0.00173627 0.989672 0.00185768 0.0016558 0.00150756 
0.00226842 0.98839 0.00194256 0.00164233 0.00203242 0.00213181 0.00159201 
0.00568334 0.346232 0.00401449 0.0025994 0.635803 0.00318205 0.00248524 
0.00171036 0.00158017 0.991218 0.0012923 0.00158057 0.0013881 0.00123057 
0.00251044 0.00220781 0.00224295 0.00223904 0.00261019 0.986097 0.00209282 
0.00178705 0.00162523 0.991029 0.00129812 0.00162551 0.00139939 0.00123568 
0.00490979 0.663773 0.00368758 0.00345162 0.00410566 0.0065738 0.313499 
0.00193211 0.00176383 0.00174673 0.989597 0.00179542 0.00165553 0.0015092 
0.0578323 0.00337371 0.927303 0.00198469 0.00358149 0.00410697 0.00181821 
0.00383136 0.00331382 0.00338292 0.00221673 0.00398551 0.981198 0.00207118 
0.00264828 0.00186488 0.0023773 0.00220734 0.980647 0.00808769 0.00216789 
0.00537467 0.0439452 0.0033156 0.0022902 0.939784 0.00309996 0.00218996 
0.00176629 0.00174033 0.00171599 0.98984 0.00178244 0.00165023 0.00150457 
0.00172919 0.00179885 0.99087 0.00130159 0.00165472 0.00140769 0.00123824 
0.979863 0.00284252 0.00375777 0.00225003 0.00674671 0.00242332 0.00211713 
0.917655 0.0065391 0.00538403 0.002836 0.0613649 0.0036474 0.00257342 
0.00245745 0.00186708 0.989402 0.00134474 0.00217208 0.0014794 0.00127693 
0.0075859 0.0100994 0.971474 0.00181463 0.00263389 0.00473948 0.00165226 
0.00382208 0.00363237 0.00368191 0.00340287 0.00379384 0.00348843 0.978178 
0.0381056 0.00373951 0.0131153 0.00287805 0.00465326 0.934883 0.00262489 
0.00177554 0.00180418 0.00173259 0.989729 0.00179945 0.00165374 0.00150574 
0.00205646 0.988891 0.00195469 0.00161902 0.00213516 0.00176684 0.00157722 
0.00175554 0.00172078 0.0016956 0.989909 0.00176842 0.00164665 0.00150368 
0.00497591 0.0046603 0.004146 0.00217987 0.979389 0.00253876 0.00210976 
0.00178556 0.00174094 0.00173234 0.989759 0.00182212 0.00165406 0.00150622 
0.00191694 0.00192897 0.990241 0.00131954 0.00190225 0.00143696 0.0012546 
0.00263268 0.00236086 0.00223945 0.00224002 0.00267582 0.985759 0.00209239 
0.00322921 0.00183355 0.989111 0.00134889 0.00171379 0.00146845 0.00129521 
0.00175644 0.00172199 0.00169721 0.989903 0.00176997 0.00164721 0.00150377 
0.984367 0.00333117 0.0023009 0.00234236 0.00296366 0.0025232 0.00217215 
0.00176783 0.00174721 0.00171983 0.989823 0.0017784 0.00165924 0.00150475 
0.00175554 0.00172074 0.00169554 0.989909 0.00176837 0.00164666 0.00150367 
0.00208322 0.00243116 0.00200152 0.98823 0.00200747 0.00172018 0.00152649 
0.00241215 0.0370227 0.00218637 0.950394 0.00308823 0.00271259 0.00218405 
0.00172361 0.00161372 0.99114 0.00129485 0.00160181 0.00139357 0.00123267 
0.00365324 0.00553292 0.949763 0.00179925 0.0353699 0.0021886 0.00169266 
0.00191916 0.00161544 0.990913 0.00130106 0.00160926 0.00140348 0.00123855 
0.00243715 0.00214218 0.0022203 0.00224068 0.00251508 0.986351 0.0020939 
0.00189816 0.00200928 0.990378 0.00131149 0.00170968 0.00144448 0.00124908 
0.0750876 0.371291 0.515941 0.00633004 0.0153433 0.0102239 0.00578291 
0.971681 0.00505293 0.00224372 0.00236719 0.00674348 0.00970196 0.00221005 
0.00180345 0.00192699 0.00181789 0.989416 0.00185859 0.00166771 0.00150897 
0.00184291 0.00175075 0.990539 0.00131761 0.00183923 0.00145968 0.00125096 
0.00251797 0.980912 0.00203912 0.00171677 0.00916662 0.00199027 0.00165756 
0.00175558 0.00172122 0.0016957 0.989909 0.00176842 0.00164674 0.00150368 
0.0162036 0.037599 0.00280772 0.00272883 0.00357145 0.934335 0.00275466 
0.900036 0.0727528 0.00701211 0.0030575 0.009859 0.00449591 0.00278685 
0.976456 0.0029945 0.00558028 0.00221831 0.00286099 0.00780531 0.00208472 
0.00180106 0.00182172 0.00178213 0.989583 0.00184168 0.00166203 0.00150793 
0.00244125 0.00263491 0.00247072 0.986855 0.00227289 0.00177825 0.00154714 
0.00175714 0.00172459 0.00169818 0.989899 0.00177018 0.00164699 0.0015038 
0.00447822 0.00228056 0.00273603 0.00224272 0.00284962 0.983323 0.00209006 
0.00389 0.00225555 0.987548 0.00138601 0.00206096 0.00154842 0.00131075 
0.00180126 0.00187129 0.00184748 0.989426 0.00187126 0.00167365 0.00150924 
0.00242315 0.00210453 0.0021857 0.0027081 0.00246918 0.986026 0.00208383 
0.0116796 0.00647636 0.521834 0.0035455 0.00542291 0.447758 0.00328347 
0.00184584 0.00170114 0.990845 0.00130523 0.00165258 0.00140905 0.00124099 
0.00805125 0.00235506 0.00223069 0.00224992 0.0026078 0.980402 0.00210327 
0.00269828 0.0525708 0.00207107 0.00260184 0.935805 0.00224991 0.00200332 
0.00178368 0.00176407 0.00179127 0.989704 0.00180117 0.00165028 0.00150515 
0.483917 0.0104563 0.00912979 0.00367889 0.485042 0.00430321 0.0034726 
0.560744 0.174881 0.0333233 0.00808665 0.203455 0.0117875 0.0077223 
0.0074091 0.0017678 0.984932 0.00138447 0.00170375 0.00148631 0.00131637 
0.00337155 0.00178932 0.988957 0.00135266 0.00176336 0.00148271 0.001283 
0.00233117 0.00163939 0.990411 0.00131418 0.00162391 0.00142952 0.00125043 
0.00462682 0.235574 0.00237868 0.00216175 0.750785 0.00237406 0.00210009 
0.00250784 0.00217034 0.00221032 0.00224088 0.00253393 0.986242 0.00209437 
0.00381335 0.00373271 0.00356658 0.00340758 0.00368619 0.00348191 0.978312 
0.00355849 0.015234 0.00259999 0.00220544 0.97176 0.0025515 0.00209088 
0.0167773 0.37864 0.0162451 0.0268696 0.532654 0.0141836 0.0146309 
0.00841113 0.974965 0.0022834 0.00182769 0.00833278 0.00242811 0.001752 
0.00354615 0.00231957 0.00588543 0.00219203 0.00258474 0.981432 0.00204058 
0.00175322 0.00162545 0.990929 0.00130194 0.00174896 0.00140217 0.00123907 
0.00185785 0.00209364 0.00195157 0.98747 0.00335989 0.00172396 0.0015433 
0.00237463 0.982713 0.00219343 0.0017092 0.00743328 0.00192727 0.00164912 
0.00374889 0.0035011 0.00357018 0.00342036 0.00368289 0.00348765 0.978589 
0.00850396 0.00613931 0.977485 0.00159804 0.00285791 0.00193552 0.00148029 
0.00300185 0.0290694 0.00416012 0.0022123 0.956361 0.00308648 0.00210878 
0.00178442 0.00174533 0.00174657 0.989768 0.00179391 0.00165632 0.0015054 
0.0298962 0.959075 0.00224628 0.00180955 0.00313954 0.00209914 0.00173388 
0.00333987 0.982508 0.0020512 0.00173852 0.00205239 0.00664684 0.0016636 
0.00320863 0.978224 0.00242475 0.00179925 0.0103425 0.00228998 0.00171124 
0.0435957 0.0929822 0.0308242 0.0200882 0.426713 0.0250702 0.360727 
0.0450959 0.00637613 0.94094 0.00171586 0.00209881 0.00215606 0.00161728 
0.00182283 0.00189555 0.00184717 0.989374 0.00187979 0.0016699 0.00151098 
0.478695 0.38348 0.0907045 0.00768287 0.0157567 0.0168131 0.00686752 
0.0166299 0.840307 0.047225 0.0101903 0.0687098 0.0102213 0.00671728 
0.00180702 0.0015956 0.990984 0.00130051 0.00164072 0.00143444 0.00123772 
0.0024337 0.00228344 0.00220464 0.00223945 0.00249773 0.986249 0.00209209 
0.00194676 0.00161096 0.990876 0.00130215 0.00162322 0.00140135 0.00123958 
0.00179626 0.00182835 0.00177287 0.989615 0.00181747 0.00166221 0.0015074 
0.0017943 0.989968 0.00160607 0.00160176 0.0017485 0.00171668 0.00156493 
0.91915 0.0251948 0.024088 0.00365892 0.0188701 0.00571439 0.00332346 
0.00936793 0.00720531 0.00756488 0.00221429 0.968938 0.00255562 0.0021537 
0.00172235 0.00168499 0.991076 0.00129542 0.00159085 0.00139718 0.00123336 
0.551981 0.0103704 0.377138 0.01092 0.0118493 0.0322833 0.00545778 
0.00177489 0.00175625 0.00172822 0.989792 0.00179032 0.00165284 0.00150526 
0.927497 0.0020872 0.0621203 0.00195072 0.00244743 0.00205232 0.00184543 
0.00340527 0.987169 0.00177139 0.00167095 0.00243431 0.00193228 0.00161651 
0.00255884 0.00230075 0.0022415 0.00229356 0.00260192 0.985913 0.00209041 
0.00324668 0.00245104 0.00263881 0.0022326 0.00333798 0.984007 0.00208617 
0.00182976 0.00178642 0.990803 0.00130478 0.00161917 0.001416 0.0012411 
0.077947 0.912226 0.00181332 0.00180751 0.0021961 0.00227707 0.00173274 
0.00251161 0.00230698 0.00221003 0.00223872 0.00255065 0.98609 0.00209196 
0.00557211 0.984485 0.00210867 0.00174264 0.0024679 0.00196644 0.00165705 
0.00251158 0.00290462 0.00220784 0.00222723 0.00267769 0.985388 0.00208295 
0.00211342 0.00181303 0.990241 0.00136674 0.00173564 0.00147478 0.00125518 
0.00442839 0.00229459 0.987459 0.00136205 0.00169768 0.00146325 0.00129493 
0.0101949 0.965969 0.00916704 0.00200327 0.00837386 0.00240264 0.00188911 
0.00188015 0.00193457 0.00189379 0.98916 0.00193594 0.00168173 0.00151388 
0.00176101 0.00174362 0.0017092 0.989854 0.00177791 0.00164951 0.00150443 
0.00608889 0.00202439 0.0025977 0.00221767 0.982451 0.00245071 0.00216934 
0.00291094 0.00365278 0.00241552 0.00222166 0.00282978 0.983894 0.00207521 
0.00284201 0.00265802 0.00224164 0.00220282 0.985562 0.00232482 0.00216832 
0.00192053 0.00187034 0.00183043 0.989342 0.00184799 0.00167653 0.00151231 
0.0018549 0.00205922 0.00186198 0.989043 0.00198848 0.00167764 0.00151523 
0.00313614 0.970876 0.00259826 0.00265098 0.0147668 0.00413921 0.00183273 
0.986085 0.00258403 0.00188897 0.00229905 0.00257745 0.00239361 0.00217159 
0.00179972 0.989795 0.00171359 0.00160134 0.00178998 0.00173566 0.0015648 
0.980469 0.00240906 0.00176522 0.00229705 0.00850941 0.002373 0.00217686 
0.950441 0.00472481 0.0246495 0.00234292 0.0130083 0.0026277 0.00220543 
0.00676547 0.0583574 0.0613328 0.00398698 0.860333 0.0056509 0.00357368 
0.00376326 0.00355542 0.00362611 0.0034123 0.00373233 0.00350431 0.978406 
0.538934 0.00220981 0.450855 0.0018124 0.00252729 0.00195302 0.0017087 
0.00351058 0.00295849 0.00229433 0.00221089 0.984491 0.0023701 0.00216465 
0.00176217 0.00174045 0.00171497 0.989848 0.00178087 0.00164908 0.00150431 
0.00432532 0.955311 0.00323835 0.00211055 0.0304393 0.00264427 0.00193114 
0.00456111 0.00455324 0.00304412 0.00219584 0.980992 0.00252382 0.00213032 
0.00274216 0.0168843 0.00216463 0.00216567 0.00270805 0.971304 0.00203151 
0.00198914 0.985088 0.00174074 0.00166314 0.0060965 0.00180718 0.00161564 
0.00185932 0.00235595 0.00209914 0.988348 0.00198138 0.00183536 0.00152127 
0.18563 0.0276862 0.464572 0.00943475 0.0220844 0.281994 0.00859832 
0.00485658 0.00825792 0.978231 0.0016047 0.00337837 0.00218981 0.001482 
0.00429214 0.760007 0.00312932 0.00285182 0.0097825 0.217241 0.00269593 
0.00403255 0.00208118 0.986444 0.00143547 0.00297145 0.00168708 0.00134784 
0.984535 0.00274704 0.0031061 0.00226062 0.00283357 0.00239051 0.00212679 
0.00401819 0.00272927 0.986286 0.0014266 0.00236334 0.00183409 0.00134299 
0.00656577 0.0103248 0.00388382 0.00247516 0.00840098 0.966054 0.00229544 
0.14227 0.0800356 0.0195975 0.00721942 0.0147653 0.729556 0.00655617 
0.00175933 0.00173717 0.00170304 0.989868 0.00177926 0.00164906 0.00150431 
0.00279575 0.00369966 0.00293342 0.00221535 0.003031 0.98326 0.00206458 
0.0017949 0.00175181 0.00174148 0.98975 0.00180249 0.00165362 0.00150595 
0.926745 0.0567209 0.00477689 0.00227647 0.00325551 0.00407309 0.0021526 
0.00175863 0.00172267 0.00169701 0.989899 0.00177117 0.00164717 0.00150395 
0.00353235 0.983835 0.00208162 0.001739 0.0050396 0.00210686 0.0016654 
0.00916386 0.262289 0.0104386 0.00371943 0.705815 0.00514868 0.00342502 
0.289224 0.665199 0.00392448 0.00360638 0.00597658 0.0286273 0.0034425 
0.0021719 0.00183915 0.99022 0.00132025 0.00175663 0.00143633 0.00125525 
0.00559637 0.411853 0.0106695 0.00350883 0.559843 0.00518577 0.00334357 
0.896596 0.00272438 0.0900666 0.00213803 0.00422707 0.00228843 0.00195896 
0.001854 0.00238141 0.989814 0.00133751 0.00186377 0.00148524 0.00126402 
0.00184914 0.00190682 0.00186868 0.989347 0.00184465 0.00167313 0.00151011 
0.0017129 0.00165505 0.991099 0.00129482 0.00161376 0.00139195 0.00123297 
0.0042592 0.00280257 0.95118 0.00172616 0.00244046 0.0359664 0.00162469 
0.0205842 0.136931 0.793375 0.00545794 0.0325773 0.00669262 0.00438178 
0.00261659 0.00171562 0.00232601 0.00220678 0.986631 0.00232284 0.00218137 
0.00504314 0.00171409 0.987339 0.00136473 0.00167385 0.00156772 0.00129762 
0.920494 0.00324434 0.0659896 0.00210517 0.00380051 0.00239531 0.00197094 
0.0028567 0.0101114 0.00310344 0.0022327 0.00375147 0.975864 0.0020801 
0.00368178 0.847853 0.00340264 0.00226175 0.137855 0.00285475 0.00209165 
0.309468 0.0156278 0.657287 0.00335355 0.00702774 0.00413299 0.00310254 
0.00178125 0.00185284 0.00177315 0.98947 0.00182992 0.00178274 0.00151045 
0.00169441 0.00157884 0.991203 0.00129262 0.00159018 0.00140999 0.00123102 
0.00176762 0.00175879 0.00173634 0.989769 0.00180294 0.00166013 0.00150556 
0.00323379 0.987028 0.00227505 0.00174562 0.00219305 0.00191965 0.00160503 
0.111803 0.472669 0.0209493 0.0107923 0.0444287 0.329822 0.00953575 
0.00255023 0.00233291 0.0022724 0.00223784 0.00257051 0.985946 0.00209052 
0.00884268 0.0113486 0.971187 0.00160705 0.00228941 0.00319455 0.00153064 
0.00363224 0.981015 0.00341135 0.00481557 0.00290691 0.00250927 0.00170999 
0.00175565 0.00172124 0.00169582 0.989908 0.00176873 0.00164671 0.00150369 
0.00176403 0.00173831 0.00170607 0.989864 0.00177447 0.00164872 0.00150423 
0.0373315 0.833808 0.00502528 0.00344059 0.112876 0.00423256 0.00328656 
0.0234857 0.51829 0.00644031 0.00570581 0.0157895 0.425391 0.00489795 
0.00325629 0.978806 0.00943295 0.00167172 0.00200786 0.00322294 0.00160226 
0.00427388 0.965273 0.00206968 0.00193612 0.020019 0.00456936 0.00185862 
0.00341515 0.00205862 0.987464 0.00139284 0.00275048 0.00160043 0.00131892 
0.00374883 0.00350079 0.00356989 0.00342039 0.00368278 0.00348764 0.97859 
0.00194534 0.00222893 0.00245952 0.986912 0.0030923 0.00181602 0.00154593 
0.983642 0.00421863 0.00222234 0.00227658 0.00301798 0.00248367 0.00213908 
0.00376256 0.00352078 0.00358187 0.00341813 0.00369101 0.00348617 0.978539 
0.00358764 0.982486 0.00197435 0.00518108 0.00263922 0.00201622 0.00211522 
0.00275043 0.00284251 0.00257512 0.00222782 0.00275798 0.984768 0.00207812 
0.0171308 0.00278724 0.00263776 0.00227983 0.00330322 0.969732 0.00212874 
0.00186796 0.985122 0.00170426 0.00584706 0.00211151 0.00176998 0.00157689 
0.00400373 0.964211 0.00336211 0.00187736 0.0224879 0.00226901 0.00178896 
0.0033852 0.977503 0.00449932 0.00195168 0.00470155 0.00614864 0.00181109 
0.0032221 0.0939591 0.00352546 0.00248246 0.887097 0.00732122 0.00239228 
0.101219 0.0383168 0.142235 0.00983039 0.0454887 0.653874 0.00903641 
0.00271078 0.00251466 0.00234282 0.00224369 0.00333773 0.984757 0.00209318 
