0.0124237 0.0120462 0.0643365 0.015973 0.0720786 0.0260505 0.762699 0.0155164 0.0064621 0.012414 
0.182017 0.0262433 0.3062 0.113075 0.0537207 0.126712 0.0290406 0.078568 0.0429881 0.0414339 
0.017189 0.0337966 0.0201755 0.0243951 0.0412317 0.698904 0.0797654 0.0431501 0.0129915 0.0284013 
0.0190303 0.0156827 0.130449 0.0200841 0.267048 0.0733326 0.416327 0.0300957 0.0106352 0.0173157 
0.0159729 0.0158825 0.0297233 0.0187277 0.0122242 0.0287099 0.827154 0.0137673 0.0211806 0.0166581 
0.036934 0.170916 0.0185085 0.03908 0.019122 0.0158509 0.0151428 0.0142311 0.650423 0.0197922 
0.0543608 0.0312893 0.0666934 0.123113 0.1031 0.373118 0.0798009 0.0667006 0.0352697 0.0665551 
0.0193957 0.0233987 0.0258617 0.089152 0.23828 0.394613 0.101123 0.0692277 0.0152838 0.023665 
0.19315 0.0296738 0.0204049 0.0128008 0.0275471 0.0180222 0.0423613 0.142967 0.0235421 0.489531 
0.0230809 0.0599632 0.0226975 0.0255068 0.0211533 0.0162412 0.0136811 0.0137964 0.77503 0.0288499 
0.802101 0.0165405 0.021811 0.014695 0.0186192 0.020706 0.0115106 0.0552159 0.0197903 0.0190109 
0.0661138 0.0350828 0.178572 0.120986 0.124192 0.204608 0.110403 0.0604483 0.0353575 0.0642373 
0.062298 0.0124388 0.012442 0.123537 0.00862233 0.010316 0.0125208 0.0232208 0.0198216 0.714783 
0.0336157 0.169237 0.463841 0.118737 0.0184411 0.0609104 0.0299404 0.0326697 0.0354948 0.0371125 
0.106208 0.0403666 0.109282 0.209031 0.0713498 0.0512683 0.0836701 0.110528 0.0757152 0.142581 
0.0441599 0.0499179 0.119573 0.0977475 0.2285 0.078947 0.0448352 0.234438 0.0568435 0.045039 
0.0422866 0.0540992 0.0786955 0.134151 0.0825653 0.358079 0.0432107 0.0970965 0.0458105 0.0640057 
0.0211676 0.0178099 0.0516775 0.122138 0.0118692 0.0330665 0.663906 0.0185037 0.01205 0.0478115 
0.0685695 0.33244 0.0457248 0.0460104 0.0807179 0.0390224 0.0550369 0.200057 0.0375248 0.0948959 
0.0170093 0.0157687 0.0411594 0.0201697 0.0531998 0.040317 0.767101 0.0136469 0.00977646 0.0218515 
0.0141701 0.00720578 0.0131757 0.392979 0.00942466 0.516094 0.0121358 0.010702 0.0137382 0.0103751 
0.0437299 0.259006 0.0428608 0.0261814 0.0366209 0.0235459 0.0202404 0.0333215 0.342371 0.172122 
0.0538369 0.0731025 0.0287485 0.0449575 0.0321648 0.025384 0.0239663 0.0215345 0.612238 0.084067 
0.0428763 0.0202492 0.0402112 0.502027 0.0504261 0.212493 0.0335033 0.0217688 0.035727 0.0407176 
0.694034 0.0230527 0.0513177 0.0268044 0.0186248 0.0261931 0.0161844 0.0185156 0.10107 0.0242035 
0.534013 0.0603669 0.0770987 0.0373254 0.0626432 0.0531467 0.026285 0.0263227 0.0799932 0.0428054 
0.0182104 0.0212152 0.0236479 0.36199 0.0482207 0.0502199 0.0226589 0.0150343 0.422086 0.0167166 
0.0204837 0.0152114 0.108268 0.570705 0.0208481 0.0580269 0.160251 0.0140512 0.0136883 0.0184661 
0.0194238 0.0188049 0.0258873 0.0217798 0.188788 0.0395682 0.0131259 0.641642 0.013176 0.0178042 
0.0155461 0.0158805 0.079071 0.0372713 0.0349084 0.0343003 0.730416 0.02189 0.00912091 0.0215953 
0.0842629 0.323164 0.0195239 0.0128177 0.0133777 0.0224823 0.0158564 0.0202041 0.0297919 0.458519 
0.0124398 0.00887996 0.329458 0.0338631 0.481285 0.0758381 0.0125825 0.0213912 0.00914456 0.0151178 
0.0878191 0.0256014 0.119361 0.486467 0.0205088 0.101191 0.0491166 0.0538258 0.0254963 0.0306124 
0.0725232 0.0589605 0.0634005 0.0485948 0.039178 0.0516289 0.0568806 0.0710598 0.200592 0.337182 
0.0155547 0.0113875 0.526572 0.0337913 0.187476 0.0512545 0.122187 0.0275905 0.0103812 0.013805 
0.0555316 0.0264819 0.0436951 0.0291196 0.684167 0.0285191 0.0305202 0.051027 0.018978 0.0319601 
0.0236859 0.0236387 0.0669906 0.279304 0.183383 0.199719 0.120258 0.0598938 0.0182181 0.0249092 
0.0412995 0.643586 0.0189103 0.0176959 0.0131496 0.0204399 0.014323 0.0175257 0.15092 0.0621499 
0.0262537 0.0314385 0.0277019 0.0164092 0.0215413 0.0549715 0.022404 0.024351 0.0228025 0.752126 
0.0421188 0.0314607 0.0187078 0.0199513 0.0199042 0.026542 0.0274347 0.0951037 0.0212376 0.697539 
0.0289135 0.0161466 0.0614229 0.0646323 0.0505357 0.0250926 0.0179554 0.683542 0.0174205 0.0343387 
0.0424062 0.0553084 0.105164 0.0502099 0.409415 0.0757782 0.101635 0.0555416 0.0406185 0.0639233 
0.051615 0.717498 0.0354852 0.0179618 0.0197422 0.0266676 0.0159616 0.0283723 0.0441825 0.0425136 
0.0429845 0.0190482 0.0571954 0.0373619 0.0636561 0.0430293 0.0364449 0.645768 0.0183538 0.0361574 
0.0426883 0.0606744 0.195417 0.138149 0.0656904 0.124188 0.077649 0.0936691 0.0442275 0.157647 
0.0402393 0.0291717 0.12644 0.170863 0.116067 0.128031 0.0651478 0.267802 0.0231317 0.0331078 
0.789868 0.0356221 0.033165 0.0104513 0.0142259 0.0135601 0.0108247 0.0349583 0.0278036 0.0295213 
0.0247489 0.0289781 0.0226117 0.0308504 0.0420761 0.0494515 0.0187548 0.0241411 0.618231 0.140156 
0.0300687 0.703023 0.0339081 0.0155941 0.0117455 0.0219093 0.0133224 0.126289 0.0212808 0.0228597 
0.0159843 0.0136016 0.141766 0.486133 0.0438181 0.0744168 0.181948 0.0133581 0.0127421 0.016232 
0.0625116 0.0367474 0.0841215 0.344591 0.0366198 0.142737 0.0286139 0.166179 0.0576648 0.0402139 
0.018342 0.0156455 0.102097 0.0382709 0.716063 0.0316907 0.0131441 0.0307051 0.0141682 0.0198731 
0.0172395 0.0105995 0.535835 0.0283735 0.211832 0.106015 0.0364588 0.0298355 0.0102662 0.0135438 
0.0360614 0.144808 0.0261303 0.0344098 0.0174542 0.0388969 0.0415286 0.0375074 0.0435476 0.579656 
0.0577719 0.0478719 0.0359862 0.0310162 0.0311266 0.0223934 0.019048 0.0250487 0.666731 0.0630057 
0.0217589 0.0210202 0.0495869 0.18274 0.420805 0.0865983 0.0601374 0.121273 0.0153901 0.0206901 
0.0185148 0.0125644 0.0801551 0.193462 0.027664 0.539714 0.0627133 0.0322128 0.0155711 0.0174286 
0.0159628 0.0152802 0.0182734 0.134054 0.0127346 0.71671 0.0181603 0.0207213 0.0164105 0.0316925 
0.0613636 0.0745423 0.0204761 0.0171596 0.0293482 0.0144039 0.0212744 0.102996 0.0286986 0.629738 
0.0387372 0.0386575 0.0532593 0.0321079 0.43531 0.0683934 0.0159348 0.276834 0.0166139 0.0241515 
0.0349751 0.667009 0.0213154 0.0167068 0.00880127 0.018295 0.0137854 0.0141755 0.0287409 0.176196 
0.0211843 0.0255091 0.0567431 0.0552204 0.217104 0.0420111 0.525525 0.0262237 0.0108461 0.0196327 
0.163558 0.0194518 0.0120344 0.0130471 0.0133681 0.00845855 0.00856871 0.00694106 0.744956 0.00961619 
0.143203 0.0283665 0.497042 0.0703854 0.0253434 0.0493147 0.0287953 0.0243646 0.0994335 0.0337513 
0.0207237 0.0159768 0.035833 0.0275105 0.469473 0.0822649 0.2459 0.06852 0.011536 0.0222627 
0.0329431 0.0367706 0.0161718 0.0153198 0.0165376 0.0153868 0.0135524 0.0123574 0.54559 0.295371 
0.0584692 0.0375418 0.0969285 0.125156 0.159273 0.0640555 0.160538 0.0998065 0.0377201 0.160512 
0.0865149 0.0389584 0.0962294 0.336697 0.0674621 0.0549033 0.0299224 0.0245054 0.227062 0.0377444 
0.0252658 0.0104543 0.0207048 0.539286 0.010019 0.0689384 0.0119954 0.287213 0.0136208 0.0125028 
0.0307804 0.0183189 0.0663873 0.0846851 0.0736967 0.0506185 0.033798 0.590417 0.0187109 0.0325868 
0.0249636 0.0222581 0.0514 0.313195 0.128018 0.0872991 0.258862 0.0662938 0.0184654 0.0292447 
0.0742261 0.245079 0.0976804 0.0562871 0.0941543 0.0683275 0.0390262 0.186077 0.0424934 0.0966489 
0.443297 0.041941 0.0243746 0.0514184 0.023148 0.0268835 0.0198695 0.0166892 0.287716 0.0646625 
0.0252664 0.019176 0.0944686 0.0519763 0.564104 0.0394278 0.0339206 0.125113 0.0182185 0.0283293 
0.0313773 0.02301 0.0206604 0.0695386 0.086939 0.60789 0.0454055 0.0566138 0.0350515 0.0235136 
0.0267976 0.0206659 0.080621 0.430365 0.205971 0.0775783 0.0519243 0.0435708 0.0327605 0.0297452 
0.765989 0.0217122 0.0674177 0.0148565 0.0226948 0.0218949 0.0128395 0.0159337 0.0376305 0.019031 
0.0177338 0.022025 0.0282013 0.0406953 0.0179876 0.0302076 0.611365 0.0182739 0.181638 0.0318732 
0.133629 0.0449154 0.120453 0.140641 0.0760887 0.095412 0.129931 0.0754972 0.050176 0.133256 
0.0588236 0.0302935 0.0209854 0.0214486 0.0246044 0.0150388 0.0188843 0.0120508 0.775464 0.0224063 
0.0159761 0.00967041 0.0202481 0.0455821 0.0287649 0.785979 0.0234182 0.034279 0.0176565 0.0184259 
0.15545 0.0447046 0.0169964 0.0157498 0.0163934 0.0126406 0.0109254 0.00927446 0.702021 0.0158443 
0.0355399 0.0454705 0.537649 0.0299318 0.103605 0.0979991 0.0388312 0.0538385 0.0173928 0.039742 
0.0300742 0.0228208 0.180992 0.093629 0.0588777 0.0590639 0.468414 0.0234402 0.0341566 0.0285314 
0.054727 0.0357284 0.0621521 0.0801873 0.0991902 0.112631 0.312386 0.0730698 0.100856 0.069073 
0.0648199 0.0429438 0.0773426 0.0556908 0.0833541 0.418761 0.030644 0.148769 0.0321728 0.0455021 
0.100618 0.0394709 0.131001 0.107256 0.24196 0.156801 0.0846379 0.0641813 0.0327838 0.0412901 
0.0778055 0.247792 0.0813866 0.0532261 0.0465183 0.140664 0.0441831 0.113386 0.0601346 0.134903 
0.0542356 0.0362771 0.241391 0.077983 0.168972 0.156419 0.0359903 0.113549 0.0404717 0.0747108 
0.0197668 0.0172905 0.0343848 0.156172 0.0282965 0.221903 0.283878 0.202402 0.0151478 0.0207585 
0.0184097 0.0158002 0.0498442 0.0611085 0.47939 0.0699505 0.170757 0.102923 0.0120871 0.0197301 
0.0276762 0.0212866 0.0465766 0.0931407 0.0564746 0.054695 0.325921 0.330769 0.0176244 0.0258357 
0.0540065 0.0329475 0.0270338 0.0205135 0.0226937 0.0175767 0.0139686 0.0141455 0.76712 0.0299944 
0.0331277 0.0188344 0.0531632 0.0757409 0.0300137 0.545677 0.0976868 0.0613834 0.0227706 0.0616029 
0.0217824 0.0144112 0.333049 0.0282831 0.419656 0.0764263 0.0355002 0.0377974 0.0131173 0.0199771 
0.0700171 0.0817042 0.166326 0.118685 0.0614764 0.0926527 0.0345197 0.0596907 0.252473 0.0624564 
0.0240477 0.150936 0.0355209 0.348836 0.0675492 0.0201789 0.0190614 0.286098 0.0179104 0.0298617 
0.524092 0.0372231 0.0625431 0.138731 0.023554 0.0421489 0.0229035 0.0533485 0.0571682 0.0382875 
0.0218215 0.0186167 0.0529227 0.0652399 0.194065 0.0402168 0.0372559 0.505987 0.0161181 0.0477562 
0.0222146 0.0156217 0.0297932 0.0774308 0.0220778 0.0402859 0.0888047 0.632964 0.0201698 0.050637 
0.0196969 0.215806 0.00744201 0.00587061 0.00656139 0.0070842 0.00881279 0.00933595 0.069966 0.649424 
0.0130396 0.00806566 0.694164 0.0350713 0.126224 0.0637438 0.0170285 0.0231974 0.00900396 0.0104621 
0.443557 0.066036 0.214264 0.0596118 0.038886 0.0387879 0.0270268 0.0361662 0.0349841 0.0406801 
0.0626829 0.029595 0.0740094 0.256501 0.05634 0.0981337 0.0423331 0.312022 0.035852 0.0325306 
0.0337758 0.72814 0.0316585 0.0132222 0.0184346 0.0187368 0.014726 0.0202489 0.016869 0.104189 
0.0162178 0.0135726 0.236472 0.0251979 0.251345 0.0318592 0.37609 0.0254531 0.00894862 0.0148442 
0.0414519 0.27785 0.0636982 0.0530131 0.0764747 0.141894 0.13984 0.0496299 0.0275578 0.128591 
0.0569863 0.428049 0.0186372 0.0171909 0.0140523 0.0168472 0.0155787 0.0187654 0.247412 0.166481 
0.0204406 0.429039 0.0147609 0.0168408 0.00853272 0.0133671 0.0112571 0.00945401 0.429283 0.0470246 
0.0275611 0.021804 0.0413989 0.0262819 0.160369 0.0320614 0.300928 0.138935 0.0219083 0.228752 
0.0188544 0.0184037 0.0523173 0.0257291 0.143252 0.0661255 0.590402 0.0523507 0.0111181 0.021447 
0.0241957 0.0095101 0.757141 0.0306283 0.0658762 0.0293058 0.0417969 0.0178655 0.0120092 0.0116709 
0.0553922 0.384456 0.0698669 0.0427418 0.0339336 0.0756404 0.0298282 0.21081 0.0306235 0.0667071 
0.0477625 0.0807945 0.103706 0.100546 0.304551 0.0925055 0.124742 0.0617574 0.0306141 0.0530207 
0.0202049 0.0176588 0.0462503 0.063631 0.646556 0.0587932 0.0502435 0.0590974 0.0133084 0.0242569 
0.0554256 0.0208806 0.0178958 0.0214584 0.0161487 0.0191257 0.0171351 0.0194543 0.0391604 0.773315 
0.0839719 0.0447756 0.0276728 0.0179051 0.0368088 0.0236079 0.0220636 0.0412613 0.0676495 0.634284 
0.0876586 0.0403788 0.0470437 0.055484 0.0282397 0.564812 0.0298288 0.0292219 0.0727831 0.0445495 
0.0187308 0.0146255 0.0880418 0.117161 0.430251 0.20445 0.0312154 0.0566266 0.0141728 0.0247248 
0.0260869 0.0200815 0.0447166 0.0531151 0.0245135 0.023691 0.0137138 0.743232 0.0159842 0.0348658 
0.0579483 0.142965 0.147576 0.171764 0.037843 0.0927154 0.0399675 0.0345873 0.199401 0.0752323 
0.064987 0.0273155 0.0298975 0.019864 0.103278 0.0353427 0.0258213 0.633277 0.0202834 0.0399332 
0.035387 0.0740783 0.0279186 0.0385579 0.0248125 0.0206007 0.015248 0.0143607 0.723553 0.0254832 
0.0339129 0.0323585 0.0995283 0.351282 0.126254 0.116675 0.0915843 0.0417153 0.0569683 0.0497215 
0.136667 0.0289158 0.171884 0.0502903 0.0379277 0.166626 0.0262815 0.298193 0.046185 0.0370306 
0.0431678 0.0346503 0.0855078 0.087116 0.0300195 0.382214 0.0642436 0.10591 0.045427 0.121744 
0.013162 0.00892226 0.274441 0.0338635 0.104353 0.440261 0.0750869 0.0260709 0.0103005 0.0135391 
0.0322477 0.0263224 0.0560122 0.313904 0.26177 0.0872389 0.109558 0.055674 0.0215103 0.0357616 
0.0435867 0.452117 0.0205708 0.0205857 0.0101891 0.0160549 0.0142801 0.0186917 0.0244135 0.379511 
0.0246009 0.0140138 0.0956557 0.0310964 0.65153 0.0334954 0.103015 0.0195166 0.00974316 0.0173331 
0.0186493 0.00949478 0.813134 0.0333987 0.0237217 0.0288593 0.0283383 0.02317 0.0103178 0.0109158 
0.0294609 0.0323351 0.0867707 0.08452 0.150534 0.28017 0.0335259 0.238671 0.0238272 0.0401855 
0.0185253 0.0100496 0.376633 0.0878116 0.0133131 0.407243 0.0331918 0.0240886 0.0136746 0.0154692 
0.0166316 0.0170412 0.035096 0.228425 0.37382 0.0784308 0.195045 0.0237716 0.0122275 0.0195116 
0.0387009 0.209029 0.0185163 0.0350555 0.0132673 0.0175744 0.0189089 0.0189021 0.161571 0.468475 
0.747671 0.0155675 0.106985 0.0123276 0.0160139 0.0441865 0.0115838 0.0113669 0.0169429 0.0173556 
0.0329733 0.0964521 0.0190175 0.00932541 0.00901629 0.0122856 0.0124531 0.0182527 0.020348 0.769876 
0.0244039 0.0136613 0.702507 0.0280847 0.0594409 0.036636 0.0213736 0.0164636 0.0839199 0.0135095 
0.0610198 0.0489951 0.0719503 0.0477569 0.0426409 0.0316813 0.035022 0.510303 0.0444073 0.106224 
0.0164532 0.0269976 0.0282248 0.0240046 0.0279397 0.0184918 0.0165436 0.019448 0.804257 0.0176398 
0.319389 0.0537536 0.0824821 0.0604002 0.0871208 0.0482165 0.0266333 0.0258342 0.261595 0.0345754 
0.0542176 0.0436189 0.18229 0.0761703 0.144611 0.142417 0.152058 0.0920943 0.0443285 0.0681953 
0.0170831 0.0105004 0.0237956 0.00908465 0.0106319 0.0101528 0.0317008 0.860971 0.0114818 0.0145975 
0.0864673 0.0348816 0.356303 0.0504979 0.0311212 0.0583187 0.0260861 0.147371 0.141036 0.0679168 
0.0838783 0.0341276 0.106526 0.141535 0.124467 0.192084 0.0443621 0.0342956 0.195688 0.0430371 
0.025206 0.0240547 0.0439121 0.547747 0.0356981 0.0367132 0.0651318 0.154907 0.0200752 0.0465549 
0.106456 0.0356017 0.0427679 0.32603 0.05929 0.112673 0.041476 0.0249397 0.210565 0.0402009 
0.0390288 0.0248123 0.0347245 0.147876 0.0244793 0.599964 0.0363494 0.025264 0.0305437 0.0369579 
0.0315753 0.0187845 0.0549495 0.049532 0.0149139 0.0250815 0.184219 0.58124 0.015101 0.024604 
0.0214575 0.0871685 0.00893159 0.00727425 0.00631579 0.00981846 0.0103275 0.0133711 0.073942 0.761393 
0.0170455 0.0154068 0.0272048 0.795251 0.0146078 0.041228 0.0260892 0.0281547 0.0168221 0.0181898 
0.0375874 0.0226117 0.112464 0.124198 0.311832 0.0936562 0.161734 0.093259 0.0181338 0.0245233 
0.06725 0.234894 0.0508205 0.170399 0.152372 0.126193 0.0358218 0.0586 0.050047 0.0536042 
0.0310279 0.0394066 0.152824 0.0822122 0.43936 0.0620975 0.083104 0.0580131 0.0201536 0.0318017 
0.0551973 0.0519523 0.0821698 0.110245 0.0601385 0.200294 0.034116 0.0385115 0.314849 0.0525262 
0.573427 0.033695 0.044521 0.037245 0.0239679 0.0346992 0.0208546 0.0358198 0.0527069 0.143064 
0.0173433 0.019777 0.629927 0.171833 0.0308657 0.0473846 0.0188399 0.0258964 0.0212406 0.0168926 
0.0375178 0.0275423 0.33963 0.0467681 0.317381 0.0829656 0.0306418 0.0418743 0.0430486 0.0326305 
0.0196874 0.0187042 0.0354643 0.0665531 0.0755608 0.532716 0.0418989 0.162859 0.01624 0.0303156 
0.246517 0.027981 0.153458 0.0327898 0.339622 0.0451455 0.0328929 0.0763826 0.0174527 0.0277586 
0.856297 0.0332451 0.0147947 0.00719254 0.0147798 0.00985645 0.00917518 0.0203299 0.0120661 0.0222633 
0.0179458 0.0166896 0.0565247 0.307102 0.050931 0.0345685 0.449137 0.0209898 0.0129321 0.0331795 
0.0928696 0.0374224 0.195982 0.278734 0.0757563 0.0545709 0.0406974 0.131531 0.027718 0.0647181 
0.0296343 0.0167725 0.0901274 0.091375 0.115124 0.106683 0.046904 0.462802 0.0175457 0.0230319 
0.0194845 0.875328 0.0122256 0.00924767 0.00368691 0.0100423 0.00988281 0.00949081 0.0155657 0.0350457 
0.0806189 0.0174299 0.118702 0.0300149 0.636453 0.0267211 0.0284134 0.0332117 0.0105081 0.0179268 
0.0501441 0.0295669 0.220734 0.0952963 0.381702 0.072322 0.0333187 0.0314137 0.0542562 0.0312458 
0.0405028 0.0307867 0.124901 0.299374 0.043284 0.089992 0.104044 0.1855 0.0423083 0.0393085 
0.0794888 0.316737 0.0372841 0.0425751 0.0264648 0.0336925 0.0260053 0.0254295 0.340533 0.0717896 
0.323182 0.0339046 0.0524572 0.0561129 0.0230852 0.34394 0.0224376 0.0350958 0.0769048 0.0328799 
0.0395625 0.0497828 0.028192 0.0441503 0.0221302 0.199252 0.0691134 0.0221162 0.0560385 0.469662 
0.0339008 0.0308948 0.0739157 0.0759138 0.10229 0.0717174 0.445663 0.0672502 0.0229945 0.0754602 
0.0237787 0.0143217 0.580544 0.113674 0.0373874 0.059051 0.109429 0.0312113 0.0135187 0.017084 
0.0245899 0.0184941 0.0747438 0.0276559 0.0958425 0.405857 0.138676 0.171646 0.0166894 0.0258053 
0.0756158 0.0292005 0.0464603 0.304577 0.063483 0.0890883 0.271125 0.0388888 0.035662 0.0458989 
0.030316 0.0292277 0.0381856 0.137414 0.0453103 0.439917 0.0403806 0.119805 0.0368537 0.0825904 
0.0622505 0.0360405 0.165301 0.0469046 0.225303 0.0456448 0.258713 0.0398585 0.0784281 0.0415552 
0.0361543 0.0272355 0.116458 0.164925 0.264707 0.13771 0.0646438 0.135182 0.0221174 0.0308677 
0.0880121 0.056751 0.0343796 0.0322084 0.0395489 0.0620186 0.0257722 0.0393559 0.0725305 0.549423 
0.0472275 0.0244277 0.630534 0.0693077 0.0476296 0.0737908 0.0278692 0.0223027 0.0337294 0.0231813 
0.0467423 0.0873701 0.101577 0.0756229 0.0619534 0.369977 0.0343565 0.0512447 0.0902588 0.0808974 
0.0623522 0.0478348 0.0101467 0.0158098 0.0148149 0.0111385 0.0113746 0.00964974 0.795419 0.0214594 
0.0546555 0.125461 0.178449 0.0428075 0.0748383 0.0504424 0.0456575 0.0914731 0.039154 0.297061 
0.0154313 0.0107422 0.0198026 0.154205 0.0235635 0.634485 0.0841373 0.0262131 0.0149033 0.0165171 
0.0417889 0.0213104 0.466997 0.0280448 0.0545535 0.0309993 0.0240812 0.280477 0.0205903 0.0311573 
0.0231529 0.0200035 0.0383693 0.236979 0.141806 0.091987 0.133294 0.270646 0.0179877 0.0257744 
0.275482 0.0318046 0.0359032 0.020797 0.01355 0.0197985 0.014398 0.374429 0.0338434 0.179994 
0.0705456 0.044036 0.138815 0.129467 0.0282186 0.167602 0.25041 0.0588129 0.0301821 0.0819119 
0.0359185 0.0226377 0.0857456 0.21342 0.206966 0.109674 0.218235 0.0653719 0.0179468 0.024084 
0.0500357 0.174847 0.0717196 0.187332 0.0623978 0.0772637 0.0593291 0.13786 0.0469513 0.132264 
0.0199067 0.0178687 0.0395892 0.294139 0.0696169 0.0407078 0.359903 0.125233 0.0142951 0.0187412 
0.0440574 0.389575 0.133789 0.0377189 0.0276146 0.0463325 0.0382136 0.201823 0.0324242 0.0484514 
0.0236228 0.819858 0.0160211 0.0120986 0.00595876 0.0117524 0.0139536 0.0116022 0.0349251 0.0502072 
0.432389 0.0225649 0.0486003 0.0196367 0.114247 0.0170036 0.0136191 0.0136881 0.297119 0.0211331 
0.0283663 0.0265541 0.0404084 0.253834 0.0691413 0.148697 0.307408 0.0533991 0.0263818 0.0458102 
0.0241134 0.800536 0.0386846 0.0312199 0.00811597 0.0226227 0.0133859 0.0189436 0.0162948 0.0260832 
0.0207544 0.0197205 0.0570465 0.623948 0.0611818 0.0900392 0.0555325 0.0330092 0.01921 0.0195581 
0.0278067 0.843022 0.0197678 0.0139702 0.00684935 0.0142762 0.0115519 0.0125247 0.0190454 0.0311853 
0.0210689 0.0176631 0.12825 0.03124 0.582991 0.0453108 0.113406 0.0264369 0.0126285 0.0210045 
0.0150033 0.0136182 0.0230875 0.0787105 0.0490581 0.713343 0.0237867 0.0437269 0.0151236 0.0245419 
0.0222438 0.0173009 0.302792 0.0460094 0.439735 0.0536347 0.0505199 0.0280641 0.0168276 0.0228731 
0.0625006 0.334994 0.0763252 0.0668387 0.0371565 0.0807617 0.0454871 0.0364778 0.14631 0.113149 
0.017592 0.0184551 0.0424776 0.762665 0.0156758 0.0200278 0.0776499 0.0130896 0.0171431 0.0152244 
0.019674 0.0171753 0.0563701 0.136388 0.0549407 0.118967 0.531546 0.0322909 0.0127728 0.0198753 
0.042795 0.13546 0.0699933 0.0475882 0.417685 0.0616673 0.0244363 0.118373 0.025507 0.056495 
0.0241422 0.0140875 0.362169 0.0460717 0.156331 0.193328 0.0345961 0.134129 0.0155143 0.019631 
0.0306098 0.0168495 0.274104 0.0594671 0.0332125 0.306503 0.0250654 0.207955 0.0226604 0.0235728 
0.0351401 0.0305484 0.0526208 0.40643 0.180085 0.0551763 0.0677712 0.0775859 0.0295636 0.065078 
0.1183 0.0508203 0.0699829 0.0755354 0.0369602 0.089912 0.135215 0.0911188 0.042342 0.289813 
0.0493351 0.12498 0.0716126 0.261862 0.0924342 0.0597068 0.168024 0.0785321 0.0523063 0.0412069 
0.0996384 0.0637686 0.143979 0.0649092 0.0839061 0.150061 0.0376834 0.0477888 0.260514 0.0477504 
0.0279538 0.0248683 0.0546957 0.1102 0.0209364 0.188095 0.0204634 0.49466 0.0240358 0.0340928 
0.0134018 0.0125973 0.0256903 0.422036 0.0371763 0.0739609 0.379598 0.0120213 0.0097001 0.0138179 
0.127771 0.0593126 0.168169 0.176492 0.0573866 0.143687 0.0385236 0.0484337 0.120455 0.0597701 
0.050522 0.0257181 0.0741735 0.034948 0.0810049 0.101179 0.0448649 0.497804 0.0439009 0.045885 
0.0424693 0.0302902 0.141186 0.173243 0.0330888 0.0539003 0.340174 0.0518913 0.0988213 0.0349358 
0.118673 0.230943 0.0687582 0.0623615 0.029181 0.143325 0.0607016 0.074596 0.0481452 0.163316 
0.0890942 0.143036 0.0276446 0.0305621 0.01955 0.0208377 0.0191555 0.0226759 0.0446853 0.582759 
0.0176174 0.0165024 0.0264788 0.677913 0.139685 0.0265874 0.0400453 0.0252963 0.0143681 0.0155063 
0.0239501 0.736237 0.0117521 0.00834004 0.00466243 0.0106067 0.00949507 0.0090836 0.0186336 0.167239 
0.0948629 0.041529 0.021426 0.0198661 0.0194009 0.0177303 0.0159779 0.0162832 0.697292 0.0556314 
0.0396162 0.376055 0.0348736 0.0865843 0.0532679 0.0779578 0.0313282 0.0787147 0.0311059 0.190496 
0.787879 0.0215879 0.0280498 0.0181376 0.0203949 0.0186554 0.0145189 0.0179002 0.0461511 0.0267253 
0.0142936 0.0138686 0.0466473 0.176866 0.070204 0.0444794 0.592319 0.0187998 0.00914944 0.0133734 
0.0472545 0.0807053 0.0721108 0.05702 0.0934296 0.453959 0.0346251 0.0608143 0.0455056 0.0545758 
0.871302 0.0151865 0.0149623 0.00786847 0.0177674 0.00991347 0.00936963 0.00859851 0.0281128 0.0169194 
0.813607 0.0171898 0.0301092 0.0280447 0.0272345 0.022084 0.0119243 0.0152959 0.0143971 0.0201137 
0.0298877 0.0157052 0.0285931 0.0956075 0.399221 0.0469781 0.0254935 0.326327 0.0148804 0.0173073 
0.0165654 0.0113908 0.0226594 0.00743264 0.0138561 0.0107135 0.0395657 0.852109 0.0107456 0.0149621 
0.795444 0.0158274 0.0185735 0.010867 0.0440295 0.0125981 0.0103292 0.0496958 0.0235518 0.0190838 
0.0345205 0.0295547 0.0541073 0.414082 0.0626518 0.0756433 0.138906 0.0493661 0.0426303 0.0985382 
0.01878 0.0182521 0.0254961 0.246887 0.494722 0.0470795 0.0976005 0.0229677 0.011794 0.0164211 
0.0315585 0.0245227 0.0508968 0.139567 0.238485 0.0962266 0.0564573 0.306204 0.0223006 0.0337819 
0.0126718 0.0121783 0.0771145 0.0185445 0.015109 0.0341171 0.800761 0.0117668 0.00621102 0.0115256 
0.012067 0.00855919 0.0109268 0.0960077 0.0126037 0.753278 0.0564538 0.018585 0.0169203 0.0145987 
0.0118078 0.0107603 0.0206336 0.25613 0.0217209 0.380977 0.260242 0.0136596 0.0105658 0.0135035 
0.0455105 0.0958188 0.0564095 0.0297743 0.0353871 0.0792382 0.121535 0.0265035 0.0560426 0.45378 
0.0141184 0.0119348 0.027208 0.00945976 0.0225858 0.0276034 0.392317 0.472785 0.00812522 0.0138632 
0.723401 0.014995 0.0160163 0.00866435 0.0141085 0.0092729 0.00815255 0.00739407 0.18502 0.0129759 
0.0298752 0.0262851 0.0650819 0.13468 0.30727 0.0672515 0.245052 0.0667191 0.0207021 0.0370835 
0.017196 0.0129371 0.076923 0.0365799 0.0314294 0.0298895 0.519153 0.250422 0.00956218 0.015907 
0.0285976 0.022893 0.113708 0.183524 0.103808 0.115174 0.338723 0.0478166 0.0181721 0.0275837 
0.0302995 0.020213 0.225308 0.129297 0.0383619 0.182605 0.255609 0.0462296 0.0229676 0.0491084 
0.0916749 0.330233 0.0433566 0.034577 0.047592 0.0384949 0.0293254 0.236359 0.0632036 0.0851828 
0.0184652 0.0182071 0.0613414 0.0560505 0.0197686 0.0395113 0.709495 0.0239345 0.0291796 0.0240471 
0.273247 0.0250663 0.0431336 0.0177871 0.0195898 0.0165322 0.0127861 0.0115701 0.561111 0.0191774 
0.0237743 0.0257027 0.0118857 0.0185684 0.0154117 0.0113297 0.0126281 0.0107136 0.825593 0.0443933 
0.0350422 0.131572 0.0396494 0.0317986 0.0317223 0.115538 0.0672472 0.0392496 0.0276503 0.48053 
0.0589791 0.28426 0.0562542 0.0450289 0.021697 0.0553898 0.0251855 0.0812645 0.318054 0.0538866 
0.0324319 0.654635 0.0506376 0.0276145 0.00880541 0.0205197 0.0145761 0.06501 0.0259251 0.0998445 
0.0945297 0.0275899 0.0366047 0.0167657 0.0256988 0.0182285 0.0213731 0.0261907 0.0377327 0.695286 
0.0406279 0.196583 0.10651 0.0446352 0.33914 0.049155 0.0336306 0.112632 0.0307514 0.0463343 
0.026775 0.0204524 0.205206 0.0696601 0.370683 0.081377 0.143302 0.0350031 0.0157686 0.0317727 
0.0237049 0.788015 0.0249076 0.0169763 0.0192298 0.0213663 0.0202194 0.0175241 0.0169353 0.0511208 
0.0370274 0.297932 0.13569 0.0988151 0.0743903 0.0925711 0.0493054 0.0949934 0.0300681 0.0892079 
0.0170615 0.00995857 0.0244162 0.0129584 0.0126756 0.0147073 0.142596 0.743912 0.00913234 0.0125819 
0.0247996 0.0858318 0.011033 0.0128088 0.00685131 0.0105804 0.0117704 0.0288632 0.0195076 0.787954 
0.0147722 0.00880945 0.00994306 0.010726 0.0132996 0.00698985 0.00745117 0.470803 0.0114136 0.445792 
0.10587 0.0477366 0.0435081 0.516116 0.0266478 0.130762 0.0345054 0.0308593 0.026292 0.0377026 
0.0171077 0.0140434 0.136638 0.583915 0.0554392 0.0818821 0.0589921 0.0219184 0.0141056 0.0159583 
0.0188539 0.288039 0.00698946 0.00473859 0.00421542 0.00633504 0.0083284 0.00924155 0.0160302 0.637229 
0.0372429 0.0239826 0.118137 0.160657 0.267064 0.185358 0.102427 0.0529324 0.0218441 0.0303547 
0.0564738 0.0539184 0.0792924 0.0990118 0.315529 0.0772316 0.0349201 0.0378175 0.188218 0.0575872 
0.0789057 0.0433512 0.0827125 0.07537 0.139277 0.0550371 0.0332431 0.286735 0.0452319 0.160136 
0.0451901 0.0397715 0.0331407 0.024317 0.0882757 0.0294297 0.0198599 0.553572 0.0282061 0.138237 
0.0107812 0.0065508 0.00891968 0.349438 0.00910044 0.56159 0.014071 0.0151773 0.0142192 0.0101523 
0.165949 0.0380783 0.199831 0.255312 0.0687038 0.0868545 0.0415522 0.0582156 0.0484586 0.0370451 
0.0276561 0.018244 0.0413398 0.0229928 0.0187533 0.025943 0.012413 0.795247 0.0194303 0.0179805 
0.0306211 0.0244002 0.339148 0.0284254 0.381106 0.100145 0.0224067 0.0368948 0.0155344 0.0213191 
0.0609266 0.750973 0.0218086 0.0131129 0.00926525 0.0177451 0.0132117 0.0128297 0.0377863 0.0623408 
0.22128 0.0803543 0.185018 0.109755 0.0383902 0.128409 0.0386005 0.0375799 0.0581105 0.102502 
0.0204737 0.838239 0.0152064 0.00998841 0.00542356 0.0113014 0.0107058 0.00906264 0.0378401 0.0417588 
0.0260496 0.0235741 0.01386 0.010147 0.0243795 0.0149808 0.0279034 0.0683947 0.0223348 0.768376 
0.019774 0.0127508 0.0242702 0.0137328 0.0128554 0.0118368 0.0106282 0.85568 0.0140623 0.0244092 
0.0301573 0.0233665 0.121504 0.406672 0.106264 0.100705 0.0478279 0.0836948 0.0238106 0.0559974 
0.0365611 0.0979967 0.0263172 0.296896 0.0206155 0.360774 0.0433608 0.0296686 0.0366226 0.0511871 
0.0731371 0.0361219 0.178435 0.0553346 0.0727624 0.04143 0.0561127 0.056956 0.390351 0.0393593 
0.039737 0.028697 0.186689 0.43913 0.0871572 0.0718355 0.0563781 0.0412802 0.0199943 0.0291026 
0.0610295 0.0351398 0.583256 0.0601861 0.0335591 0.0957557 0.04392 0.0280175 0.0335221 0.0256138 
0.0174182 0.0147149 0.0471192 0.0203954 0.332059 0.0233054 0.450201 0.0689382 0.00866524 0.0171832 
0.0226256 0.0187697 0.0607266 0.0292587 0.0625857 0.0594977 0.659868 0.0505267 0.0123967 0.0237442 
0.0371881 0.045862 0.126487 0.2186 0.163031 0.17251 0.0927045 0.0500651 0.0301341 0.0634194 
0.284746 0.0794005 0.095905 0.0625248 0.0374578 0.151032 0.0306615 0.0735372 0.0670124 0.117723 
0.0305793 0.112884 0.0203728 0.0165926 0.0114549 0.0139292 0.0131373 0.0671514 0.0269052 0.686994 
0.0278379 0.0748259 0.0983184 0.504608 0.0210532 0.131884 0.0227713 0.062205 0.0243787 0.0321176 
0.0288351 0.789986 0.0334795 0.020809 0.0256651 0.0261272 0.0160603 0.0164659 0.0171126 0.0254595 
0.26093 0.0395799 0.0568506 0.0268555 0.0330293 0.0260316 0.0184836 0.0184904 0.495624 0.0241256 
0.264384 0.290582 0.0217313 0.0122492 0.0117194 0.0172068 0.0152547 0.0314634 0.0392562 0.296153 
0.255064 0.0323491 0.115472 0.113378 0.0972898 0.054317 0.0676361 0.0262208 0.0703679 0.167904 
0.0970438 0.0282293 0.0914394 0.0393545 0.480685 0.0421996 0.0397606 0.109824 0.0413239 0.0301401 
0.709158 0.0141339 0.029237 0.00975085 0.012482 0.00975001 0.00965018 0.00882261 0.184601 0.0124147 
0.905866 0.0137641 0.0123037 0.00554959 0.0128639 0.00790616 0.0075162 0.00748887 0.0104072 0.0163344 
0.0113697 0.0149579 0.0283252 0.0105939 0.0100221 0.048015 0.840884 0.0138314 0.00581678 0.0161843 
0.0212522 0.018217 0.0842424 0.419255 0.219691 0.102435 0.0664989 0.0200805 0.0218233 0.0265047 
0.0616518 0.0406781 0.100149 0.195604 0.165258 0.109665 0.162655 0.0548451 0.0661977 0.0432961 
0.0803707 0.02489 0.174649 0.0519427 0.138446 0.278138 0.0547371 0.0549735 0.104405 0.0374472 
0.0145453 0.0123825 0.135171 0.0181735 0.039327 0.0254142 0.717389 0.0150089 0.00725655 0.0153314 
0.0239583 0.0232538 0.0502765 0.0517421 0.229249 0.0707276 0.440319 0.0471433 0.0162383 0.0470918 
0.0379823 0.0174442 0.0304882 0.0149107 0.118785 0.0224924 0.0131718 0.673706 0.0228917 0.0481279 
0.237589 0.019844 0.0103526 0.0122517 0.0135079 0.00979146 0.0102995 0.0122296 0.611566 0.0625678 
0.0327475 0.413828 0.0316423 0.0963855 0.0190122 0.253569 0.0309966 0.0505593 0.0263924 0.0448677 
0.0444824 0.0421072 0.0340915 0.0302688 0.128069 0.0314301 0.0208138 0.0336967 0.39246 0.242581 
0.0303121 0.0803281 0.0423044 0.0630613 0.0847859 0.126708 0.118572 0.406982 0.0187813 0.0281648 
0.0227777 0.0181702 0.10698 0.0329997 0.639131 0.0390473 0.0576181 0.0518585 0.0117811 0.0196363 
0.0154896 0.0358213 0.0177771 0.0172662 0.0088625 0.804703 0.0144217 0.0495897 0.0155932 0.0204761 
0.0441922 0.0393193 0.245537 0.122634 0.0331492 0.293088 0.0271769 0.100854 0.0617918 0.0322576 
0.0170649 0.0163716 0.0403028 0.14212 0.53595 0.112073 0.0733118 0.0325442 0.0123605 0.0179013 
0.0308558 0.0253508 0.117011 0.135196 0.159684 0.113273 0.248046 0.107676 0.0205617 0.0423469 
0.0541686 0.0623998 0.101611 0.0540726 0.0488036 0.0423121 0.0432565 0.046907 0.379386 0.167082 
0.0133853 0.00877984 0.0368938 0.0315951 0.0366593 0.687214 0.0513227 0.106918 0.0116311 0.0156012 
0.757942 0.0383056 0.0397019 0.0157032 0.0412306 0.0225141 0.0143639 0.0134516 0.0357792 0.021008 
0.0217706 0.0176163 0.0459088 0.283418 0.0349789 0.0451812 0.0441333 0.468945 0.0164588 0.0215897 
0.37448 0.12139 0.0482828 0.0326638 0.0274391 0.0417543 0.030524 0.0400415 0.181955 0.10147 
0.0524843 0.0442519 0.0577402 0.0945428 0.167476 0.0943207 0.196965 0.0906012 0.125721 0.0758973 
0.015805 0.0181792 0.0213865 0.0220875 0.468071 0.0232891 0.292232 0.0211327 0.0105489 0.107268 
0.0141968 0.00991146 0.0350647 0.0590764 0.0870893 0.668528 0.0332612 0.0637649 0.0128227 0.0162847 
0.0557105 0.0961018 0.136864 0.054536 0.105897 0.0867878 0.0355251 0.257292 0.0342868 0.137 
0.18232 0.0341473 0.0544436 0.161433 0.143571 0.121225 0.144904 0.0736881 0.0503589 0.0339093 
0.148264 0.0454015 0.0491626 0.239334 0.04444 0.129925 0.0783367 0.081043 0.0800295 0.104063 
0.0370624 0.0360051 0.0323128 0.58993 0.018604 0.0457828 0.0311344 0.0623211 0.0612549 0.085592 
0.899341 0.0143213 0.0147828 0.00611093 0.0132121 0.00853249 0.0078938 0.00788337 0.011056 0.0168663 
0.020527 0.0145905 0.639222 0.140248 0.0559715 0.0456047 0.020848 0.0338451 0.0132632 0.0158802 
0.0338529 0.391318 0.0149962 0.00850797 0.00684089 0.00901289 0.0102641 0.0249389 0.0302026 0.470065 
0.0257583 0.834303 0.0284919 0.013145 0.00823974 0.0180587 0.0126913 0.0126344 0.0157329 0.0309447 
0.414667 0.0538464 0.0507801 0.0336684 0.0971692 0.0380129 0.0741656 0.0883688 0.0423862 0.106936 
0.022492 0.0162556 0.105796 0.0229743 0.11616 0.0345528 0.0893523 0.553226 0.0137409 0.0254505 
0.0247728 0.0145 0.0630643 0.116067 0.112353 0.537181 0.0402706 0.0519529 0.0173867 0.022452 
0.0460014 0.0237196 0.127968 0.0866756 0.194041 0.0491112 0.0364239 0.384991 0.0224685 0.0285991 
0.0185372 0.515359 0.00796369 0.00624833 0.00510057 0.00791047 0.0106148 0.0109493 0.0123419 0.404975 
0.497966 0.339046 0.0280769 0.0160015 0.0158149 0.0208765 0.0136511 0.0185109 0.0271184 0.0229378 
0.051573 0.0207863 0.239971 0.0384829 0.0731478 0.424911 0.0648668 0.0256662 0.0357029 0.0248919 
0.0700625 0.0413754 0.340267 0.0593893 0.0575456 0.170223 0.0443052 0.129238 0.03603 0.0515637 
0.572849 0.0231942 0.197371 0.0234584 0.01579 0.0359371 0.0146937 0.0181847 0.0785705 0.0199515 
0.0441648 0.0371609 0.168365 0.186873 0.116755 0.108062 0.042498 0.217221 0.0334073 0.0454931 
0.0351688 0.0219331 0.232882 0.0718159 0.0227967 0.499532 0.0271697 0.0254635 0.036896 0.0263423 
0.0151928 0.00828736 0.00856325 0.0605131 0.00916921 0.796625 0.015768 0.0507326 0.0189438 0.0162048 
0.030311 0.168135 0.0409092 0.507589 0.0171419 0.0761498 0.0454051 0.0646548 0.0261467 0.0235582 
0.0519243 0.200312 0.0338658 0.0760991 0.0229159 0.044258 0.0871041 0.0379034 0.0722873 0.37333 
0.0104992 0.0117718 0.0316601 0.00744764 0.00991721 0.0199708 0.884126 0.00952159 0.00452652 0.0105586 
0.0243037 0.0251422 0.0505644 0.303565 0.0373158 0.184667 0.0428019 0.0322585 0.270258 0.0291244 
0.8396 0.0271561 0.0241589 0.0112855 0.0152278 0.0135058 0.00981372 0.0206745 0.0176143 0.0209633 
0.0461876 0.0165456 0.214624 0.0630343 0.36255 0.0927079 0.0477078 0.120594 0.015591 0.0204578 
0.0603049 0.0310356 0.0371792 0.0945686 0.122381 0.458853 0.0363795 0.0867572 0.0313203 0.0412207 
0.713644 0.0585436 0.0257683 0.0211053 0.015973 0.0257161 0.0146667 0.0274495 0.0375971 0.0595362 
0.0319542 0.792928 0.0299167 0.0231196 0.0178154 0.022429 0.0136086 0.0181506 0.0212994 0.028778 
0.0297345 0.0310296 0.0575872 0.516173 0.114621 0.0410914 0.0335817 0.0976575 0.0225912 0.0559327 
0.0358831 0.0262361 0.113679 0.0974065 0.251609 0.265864 0.0448579 0.105226 0.0259641 0.0332734 
0.0209692 0.0134903 0.297917 0.0970255 0.192037 0.241369 0.0702307 0.0338638 0.0143333 0.0187634 
0.06176 0.0365414 0.129319 0.11559 0.1098 0.19753 0.152533 0.0972602 0.0405979 0.059068 
0.0224302 0.0256494 0.0751411 0.0329767 0.207702 0.05402 0.509142 0.0406424 0.0120872 0.0202089 
0.0170952 0.0218308 0.0107688 0.0256952 0.014678 0.0128299 0.0131868 0.0102904 0.804604 0.0690213 
0.129503 0.040575 0.0179831 0.015839 0.016489 0.0134323 0.0133098 0.0142955 0.607352 0.131221 
0.0130666 0.00957049 0.0189822 0.0865636 0.0952346 0.675346 0.0252879 0.0468738 0.0125349 0.0165399 
0.248496 0.0237606 0.0833992 0.0455674 0.204409 0.0570765 0.0278653 0.251985 0.0278132 0.029627 
0.0396248 0.0315984 0.0605515 0.0993401 0.0411825 0.113788 0.38672 0.181844 0.0183236 0.0270276 
0.025603 0.0131359 0.0227934 0.0116586 0.0170769 0.0129174 0.0266842 0.829937 0.0127159 0.0274778 
0.123252 0.0497595 0.0530653 0.0247578 0.0235195 0.0244988 0.0246595 0.0421302 0.0507956 0.583562 
0.0245106 0.0170777 0.282406 0.171565 0.153686 0.21159 0.0551217 0.0451555 0.0161367 0.0227506 
0.061288 0.395737 0.0846343 0.0455656 0.0285832 0.12534 0.0319931 0.0822268 0.0444637 0.100168 
0.0326238 0.0203418 0.0391976 0.0337582 0.659356 0.0336147 0.0621882 0.0216894 0.0694007 0.0278298 
0.0266953 0.0151958 0.0462808 0.0225906 0.233645 0.0351047 0.0180184 0.556353 0.0215356 0.0245802 
0.0587702 0.0228591 0.0267468 0.0209867 0.341006 0.0300618 0.0230318 0.425365 0.0199919 0.0311808 
0.0868294 0.0410287 0.0562269 0.0485772 0.353235 0.0583348 0.0364552 0.0727773 0.199094 0.0474407 
0.0257789 0.0205917 0.0338772 0.73945 0.0361481 0.0614176 0.02087 0.0210297 0.0199793 0.0208572 
0.0317013 0.0245827 0.166371 0.0489359 0.257389 0.137608 0.181967 0.0969347 0.0215885 0.0329218 
0.0559746 0.066956 0.0944474 0.0400105 0.045562 0.0332365 0.0263837 0.0489302 0.37652 0.211979 
0.0144051 0.0128894 0.0274644 0.0896789 0.0234838 0.0945518 0.690642 0.0191719 0.00900542 0.0187074 
0.0194105 0.0174628 0.0303284 0.175108 0.111 0.35697 0.218652 0.0229119 0.0229516 0.0252038 
0.0624793 0.0307086 0.0519066 0.0401372 0.0525535 0.18481 0.480798 0.0372583 0.0215025 0.0378463 
0.673878 0.0154009 0.0209356 0.0099461 0.0137058 0.00926387 0.00822165 0.0075086 0.229127 0.0120119 
0.0655276 0.0558286 0.13165 0.264546 0.0705469 0.162251 0.0544758 0.0392622 0.0990986 0.056813 
0.389856 0.0550313 0.0930502 0.0340274 0.0347168 0.0431784 0.0268493 0.181422 0.0997471 0.0421222 
0.0213858 0.049541 0.00891326 0.0113475 0.0171734 0.00869921 0.0107307 0.0113788 0.175945 0.684885 
0.0210327 0.0241318 0.0192194 0.020916 0.689403 0.114227 0.0111546 0.0750429 0.00978689 0.0150865 
0.0246953 0.0213253 0.23414 0.067937 0.393228 0.0780457 0.090426 0.0421452 0.0244768 0.023581 
0.0720635 0.228972 0.0229039 0.0280226 0.0246817 0.0237968 0.01938 0.0171361 0.522254 0.0407892 
0.0220058 0.0428522 0.0398887 0.239196 0.0761693 0.315855 0.175159 0.0501384 0.0170931 0.0216416 
0.0496208 0.0206244 0.0411229 0.340743 0.125272 0.0373902 0.310997 0.0379309 0.0146754 0.0216225 
0.0504254 0.0636151 0.0189849 0.0197158 0.0194879 0.0166932 0.0123666 0.0109738 0.769649 0.0180882 
0.0195463 0.012881 0.0215914 0.0172852 0.0334227 0.0186844 0.0165625 0.833404 0.0118784 0.0147442 
0.0748697 0.0401657 0.131395 0.25282 0.0549138 0.122548 0.172274 0.0436132 0.0590166 0.0483835 
0.0234059 0.0244188 0.0152675 0.043397 0.0222708 0.0116923 0.016478 0.0092129 0.819194 0.014663 
0.0276294 0.0191962 0.487355 0.0454191 0.0593794 0.220778 0.0381411 0.0578271 0.0211814 0.0230932 
0.0129319 0.00980908 0.0311316 0.200734 0.0380753 0.581649 0.0798335 0.0178976 0.012281 0.0156574 
0.0366791 0.023612 0.672094 0.100942 0.0144995 0.0286742 0.0290849 0.0498708 0.023291 0.0212526 
0.038989 0.0905847 0.0385815 0.0274062 0.183954 0.0443034 0.491263 0.0229323 0.0157492 0.0462371 
0.0236156 0.846496 0.0160755 0.0104599 0.00732574 0.0202929 0.0119471 0.0142056 0.0176905 0.0318908 
0.0302802 0.0257244 0.0901389 0.0838349 0.0508202 0.118464 0.0515443 0.477558 0.036566 0.0350693 
0.0243503 0.0154344 0.0316159 0.167836 0.0888135 0.352273 0.0265721 0.249326 0.0184043 0.0253757 
0.0184395 0.0130415 0.0842231 0.0977334 0.0156849 0.0887295 0.6333 0.0238009 0.0105456 0.0145018 
0.0785881 0.484658 0.102504 0.052159 0.045496 0.052081 0.0326889 0.0322108 0.0311833 0.0884309 
0.064277 0.242618 0.0703577 0.0984821 0.13556 0.0583323 0.0282849 0.0525055 0.0401421 0.209441 
0.0392894 0.0532662 0.0399066 0.0576698 0.0238761 0.307579 0.239703 0.0499575 0.0399651 0.148787 
0.0344331 0.544408 0.0153681 0.0179267 0.010413 0.0176496 0.0128521 0.0183129 0.306766 0.0218707 
0.0479672 0.0419544 0.088438 0.0949892 0.0951997 0.0565631 0.0389957 0.231208 0.0377928 0.266892 
0.0621469 0.0270765 0.0514214 0.123778 0.0343533 0.069818 0.0317045 0.37949 0.0304669 0.189745 
0.623113 0.0334918 0.0299427 0.0369561 0.0410586 0.0235292 0.0227405 0.0357736 0.0352568 0.118138 
0.0449294 0.0191758 0.38927 0.081812 0.274613 0.0460764 0.0295445 0.0674283 0.0210359 0.026115 
0.0686211 0.0558287 0.0750135 0.198602 0.244222 0.11961 0.0403245 0.0590384 0.0325107 0.106229 
0.0258318 0.0384477 0.049038 0.102085 0.0855472 0.0725505 0.525649 0.041935 0.0177578 0.041158 
0.430135 0.0121701 0.0201006 0.0100615 0.00905625 0.0152867 0.00920657 0.464533 0.0122578 0.0171928 
0.0471141 0.0258329 0.050857 0.0615807 0.12623 0.0531143 0.51319 0.0322538 0.0193581 0.0704692 
0.0150749 0.013755 0.0227819 0.0186256 0.746675 0.0256405 0.100847 0.0332583 0.00829191 0.0150496 
0.0175396 0.0157021 0.106998 0.0306822 0.279632 0.401587 0.0226697 0.0895921 0.0161184 0.0194796 
0.0459946 0.0310898 0.0446032 0.0402784 0.106391 0.0296665 0.0243852 0.0336063 0.606715 0.0372695 
0.430231 0.0145184 0.0095831 0.00942847 0.0122283 0.00761987 0.00722732 0.00664415 0.492829 0.00968995 
0.0223306 0.0151122 0.027336 0.29951 0.0596966 0.433544 0.0732488 0.0282881 0.0194476 0.0214859 
0.0251065 0.00784913 0.0220551 0.195241 0.0100242 0.671604 0.0161661 0.0164741 0.0152724 0.0202084 
