0.0326569 0.0310668 0.437008 0.15426 0.121166 0.0592741 0.0328907 0.0528434 0.0372885 0.0415461 
0.0523511 0.0429888 0.048208 0.0928464 0.0774223 0.101405 0.0753424 0.0419807 0.350099 0.117356 
0.0592516 0.04279 0.0469894 0.167331 0.0496543 0.0715202 0.0769807 0.223766 0.138197 0.123519 
0.237469 0.113437 0.0156193 0.0117459 0.0130803 0.0121836 0.0128831 0.0124732 0.278487 0.292622 
0.0377512 0.0310508 0.0684497 0.13235 0.144065 0.074932 0.41443 0.0338028 0.0248138 0.038355 
0.0146758 0.0134714 0.0317225 0.0181857 0.0280145 0.0287038 0.61473 0.225483 0.00833587 0.0166773 
0.0196116 0.014791 0.161436 0.127378 0.0401612 0.370491 0.150778 0.0785173 0.0173881 0.0194486 
0.0348313 0.0238398 0.172536 0.434113 0.0808537 0.045202 0.0297179 0.107651 0.0261344 0.0451206 
0.0157544 0.0138306 0.0970612 0.0261568 0.736798 0.0253773 0.0340029 0.0247382 0.00935428 0.0169266 
0.445373 0.0432292 0.0295874 0.0251065 0.0280007 0.0215983 0.0187694 0.0217782 0.201097 0.165461 
0.0587395 0.0655901 0.063615 0.115798 0.157619 0.34916 0.0450215 0.0568936 0.0410954 0.0464675 
0.0208172 0.0188194 0.0934148 0.141064 0.111333 0.0970843 0.440961 0.0393805 0.0145716 0.0225546 
0.028109 0.0229697 0.0479665 0.0657823 0.46365 0.14282 0.0743574 0.108869 0.0193901 0.0260858 
0.0269825 0.0197225 0.0409899 0.0703131 0.108255 0.0845029 0.374782 0.235345 0.0159121 0.0231954 
0.0153028 0.0084216 0.0196803 0.0264231 0.016003 0.240123 0.0123473 0.618275 0.0142965 0.0291278 
0.0139412 0.0158296 0.0232117 0.349173 0.0315699 0.129599 0.392101 0.0176117 0.0107528 0.0162093 
0.0383765 0.0354783 0.116659 0.0831261 0.297249 0.103821 0.162415 0.0704084 0.0402247 0.0522417 
0.020764 0.0213491 0.0402496 0.431411 0.0425201 0.0490606 0.318126 0.0377539 0.0148527 0.0239132 
0.8797 0.0169463 0.019816 0.00790049 0.0134266 0.0101848 0.00883863 0.00882814 0.0172927 0.0170666 
0.0386815 0.0263662 0.0711946 0.0901531 0.0969406 0.0727546 0.26587 0.255173 0.0392042 0.0436626 
0.030238 0.0299724 0.0454209 0.213352 0.142901 0.0897603 0.344102 0.0231969 0.0480188 0.0330373 
0.0924426 0.0546192 0.359875 0.050482 0.0419246 0.0406175 0.0305518 0.0363524 0.169197 0.123938 
0.0609262 0.0875728 0.108431 0.0995349 0.203369 0.0768774 0.0425297 0.036052 0.221353 0.0633537 
0.0245343 0.019797 0.0718575 0.0473014 0.217932 0.0671457 0.447646 0.0369314 0.0152072 0.0516479 
0.0367335 0.0272825 0.0448997 0.0684777 0.0291369 0.0412999 0.0307699 0.171369 0.0303322 0.519699 
0.03738 0.0328008 0.0506496 0.0551063 0.224823 0.367111 0.0580909 0.114314 0.0273186 0.0324063 
0.0241157 0.0717818 0.0233488 0.00772724 0.012954 0.012191 0.0116391 0.0216993 0.0199604 0.794583 
0.0385349 0.120398 0.0530909 0.191143 0.0556228 0.197084 0.204309 0.0445479 0.026642 0.0686272 
0.0223858 0.0192907 0.0430159 0.355011 0.0373791 0.379495 0.0300326 0.0640292 0.0288524 0.0205085 
0.212849 0.123303 0.274394 0.0722407 0.0795808 0.0593728 0.033786 0.0368963 0.0531254 0.054452 
0.803235 0.0316184 0.0279637 0.0160267 0.0157019 0.0225181 0.0129704 0.0185022 0.0239066 0.0275576 
0.670104 0.0759913 0.0453195 0.0227748 0.0205398 0.0320938 0.0164605 0.0213476 0.0644611 0.0309072 
0.112762 0.32462 0.110326 0.0922567 0.0547835 0.0667544 0.0350347 0.037876 0.0426748 0.122912 
0.0491456 0.0751216 0.0296807 0.0216893 0.185563 0.0452216 0.0142976 0.526531 0.0186031 0.0341466 
0.030173 0.0250827 0.0598805 0.292123 0.146792 0.141129 0.0366943 0.214759 0.0211856 0.0321797 
0.0243006 0.0363898 0.00966159 0.00684079 0.00991585 0.00988865 0.0111029 0.0334548 0.0244159 0.834029 
0.0137394 0.0126509 0.037417 0.0429142 0.0135541 0.0350894 0.788103 0.0328587 0.00774102 0.0159318 
0.420023 0.0882315 0.0383389 0.033259 0.0616988 0.0292912 0.0361862 0.217164 0.0346787 0.0411291 
0.0413314 0.500323 0.0291274 0.0179506 0.0194447 0.0240252 0.0165609 0.0177319 0.13791 0.195595 
0.0296452 0.0216899 0.0693723 0.0265631 0.133804 0.0626452 0.554006 0.0634933 0.0131638 0.0256169 
0.0718874 0.0209108 0.0278048 0.0310552 0.0276614 0.0161518 0.0173086 0.675901 0.0211101 0.0902088 
0.0127119 0.00624388 0.00894338 0.0275921 0.0105993 0.854843 0.0192471 0.0247816 0.0169868 0.0180508 
0.239136 0.244633 0.116079 0.0389021 0.0801942 0.0478164 0.0374526 0.0991924 0.037284 0.0593103 
0.0199013 0.0115909 0.744238 0.0283562 0.04809 0.0503101 0.0463049 0.0263955 0.0107219 0.0140913 
0.0178628 0.0145436 0.0366392 0.0548437 0.605529 0.0841217 0.0309903 0.127238 0.0119032 0.0163288 
0.0712392 0.293 0.0455398 0.0365659 0.124567 0.0442766 0.0264484 0.0410081 0.044463 0.272892 
0.0255671 0.039248 0.0204378 0.174773 0.0127639 0.0192723 0.0255575 0.0656201 0.0206191 0.596141 
0.0185539 0.0117705 0.0790223 0.0204904 0.705107 0.0334204 0.0890632 0.020795 0.0080276 0.0137496 
0.0237425 0.0317826 0.0457868 0.579264 0.0283569 0.202328 0.0170486 0.0294682 0.020667 0.0215548 
0.0246017 0.0177486 0.27167 0.031348 0.204132 0.0331859 0.340843 0.0412414 0.0139054 0.0213234 
0.0382232 0.026735 0.303779 0.063027 0.202116 0.0491757 0.0368765 0.189987 0.0268843 0.0631956 
0.0550582 0.218836 0.145528 0.0449894 0.0825905 0.314317 0.0322671 0.0338496 0.0289101 0.043654 
0.028122 0.019204 0.269444 0.12218 0.0189056 0.394194 0.0344032 0.0572051 0.0234034 0.0329386 
0.0302828 0.715547 0.0410924 0.0223671 0.0174615 0.0536629 0.0189249 0.0213189 0.0190954 0.060247 
0.0373379 0.0328536 0.184784 0.31587 0.0557539 0.112573 0.0606285 0.0460301 0.0467938 0.107375 
0.088517 0.784888 0.0187581 0.0119219 0.0067087 0.0132539 0.0119521 0.0115422 0.0240509 0.0284073 
0.0684193 0.119908 0.054407 0.13821 0.0777561 0.067974 0.0315588 0.0298568 0.244967 0.166943 
0.0301672 0.0214883 0.0522735 0.121829 0.168044 0.0481759 0.392882 0.121814 0.0176031 0.0257233 
0.0486389 0.020318 0.0473808 0.0320613 0.0151503 0.0561521 0.0254278 0.0353297 0.0317801 0.687761 
0.188309 0.0712946 0.407603 0.0822373 0.0202999 0.0525757 0.0272331 0.0382729 0.0309492 0.0812253 
0.037634 0.024846 0.0301282 0.0247804 0.0423928 0.0758128 0.0311498 0.120015 0.0513753 0.561866 
0.037216 0.0272316 0.0589886 0.0770677 0.0700446 0.0822455 0.332423 0.0564081 0.0284199 0.229955 
0.0173414 0.0134176 0.361015 0.0728745 0.0748448 0.292629 0.112435 0.0242271 0.012493 0.018722 
0.0344514 0.0133299 0.0304796 0.0103235 0.0210824 0.0188086 0.015148 0.815379 0.0164391 0.0245589 
0.0768609 0.0409704 0.27545 0.0582734 0.0635092 0.0948526 0.103927 0.109258 0.0602735 0.116626 
0.463124 0.0323198 0.062266 0.0379288 0.0488564 0.0334291 0.020323 0.040017 0.235225 0.0265115 
0.0308688 0.326662 0.0949379 0.320678 0.017345 0.0262224 0.0423779 0.0341568 0.0228128 0.0839375 
0.0517027 0.0417364 0.100016 0.0374206 0.0352488 0.0319202 0.0344401 0.0509175 0.324759 0.291838 
0.038152 0.0307782 0.240024 0.228445 0.0869483 0.210036 0.041559 0.0472716 0.0345193 0.042267 
0.0183212 0.0141254 0.078456 0.0559411 0.032368 0.0715994 0.676455 0.0276654 0.00975421 0.0153138 
0.0274951 0.0363377 0.0320705 0.259581 0.0684326 0.281435 0.187976 0.0375194 0.0258464 0.0433049 
0.103241 0.0447551 0.0929684 0.141172 0.0781915 0.254389 0.0379318 0.0675932 0.127897 0.0518607 
0.0325069 0.0234034 0.0590629 0.291998 0.228636 0.155249 0.0318782 0.119591 0.0304068 0.0272682 
0.284687 0.0493572 0.139414 0.0642324 0.0550693 0.0481687 0.0419367 0.0312655 0.223936 0.0619329 
0.0271194 0.0246878 0.0454366 0.270928 0.025615 0.0837207 0.406251 0.0468622 0.0275393 0.0418398 
0.0834051 0.0320075 0.0465123 0.032972 0.0313817 0.0259651 0.0260194 0.12124 0.0401923 0.560304 
0.0142788 0.0131756 0.0317428 0.0993287 0.0675799 0.615551 0.106385 0.0216681 0.0123602 0.0179304 
0.0339868 0.0706627 0.0294732 0.0316617 0.0669199 0.105642 0.021532 0.0246023 0.537042 0.0784772 
0.0322314 0.0315243 0.0611578 0.669697 0.0372568 0.0197569 0.0489608 0.0495399 0.0253386 0.0245363 
0.585007 0.025936 0.0389796 0.0385656 0.0248389 0.0408835 0.0430023 0.136715 0.0223311 0.0437413 
0.021624 0.021813 0.114918 0.177108 0.233252 0.0457327 0.29467 0.0497902 0.0143347 0.0267568 
0.381323 0.0219722 0.0163645 0.0144958 0.027983 0.0128446 0.010118 0.00951336 0.491046 0.0143397 
0.658978 0.0489769 0.0505796 0.0254629 0.0401044 0.0289848 0.0183509 0.019571 0.0778189 0.031173 
0.0306761 0.0245811 0.143899 0.526166 0.0308948 0.118227 0.0413724 0.0327353 0.0277676 0.0236805 
0.300106 0.0408652 0.0492026 0.0680793 0.0312289 0.0956833 0.0572655 0.142655 0.0372141 0.1777 
0.0146793 0.0136047 0.0583235 0.0153632 0.0269501 0.0622047 0.76711 0.0172872 0.00766615 0.0168109 
0.0257721 0.643516 0.0113746 0.0108563 0.00741741 0.0108146 0.00973103 0.00996903 0.231657 0.0388918 
0.025113 0.0252497 0.0241435 0.0228812 0.0368642 0.0152373 0.0168305 0.0111715 0.806992 0.0155174 
0.0179535 0.0151564 0.0622914 0.0902463 0.0419276 0.0297852 0.173371 0.539387 0.0120526 0.0178288 
0.0275675 0.0195685 0.0542546 0.33862 0.0249659 0.0662933 0.405964 0.0249903 0.016226 0.02155 
0.041409 0.336135 0.069837 0.0253409 0.0156832 0.0245294 0.0206979 0.0482915 0.0321291 0.385947 
0.0338345 0.0217951 0.0993553 0.0746077 0.0203604 0.65983 0.0193758 0.0177255 0.0332135 0.0199022 
0.0585095 0.105178 0.0965774 0.132344 0.0306188 0.0329399 0.0243682 0.41047 0.0306187 0.0783754 
0.431297 0.0828169 0.0393194 0.0237459 0.0228606 0.0253104 0.020454 0.0252925 0.0935502 0.235353 
0.0421121 0.0340895 0.0631373 0.0739833 0.0324844 0.133837 0.293041 0.080984 0.0596902 0.186642 
0.071341 0.0460863 0.177802 0.0510152 0.0372245 0.0368808 0.0248555 0.0292663 0.456406 0.0691224 
0.028004 0.0101258 0.642408 0.0541904 0.133102 0.0448143 0.0473063 0.0181488 0.00975656 0.0121442 
0.0246722 0.0268993 0.0341592 0.356925 0.0354041 0.261325 0.0668726 0.045742 0.0243825 0.123618 
0.0250547 0.0213903 0.0948597 0.520279 0.116504 0.0868934 0.0341988 0.0583913 0.0184491 0.0239797 
0.0139826 0.00881343 0.0611473 0.0755397 0.0900223 0.667355 0.0296375 0.0266436 0.0124078 0.0144507 
0.0500759 0.00866214 0.640208 0.0460475 0.0152458 0.179574 0.0172572 0.0176042 0.0115449 0.01378 
0.0316602 0.044911 0.0740062 0.229233 0.301899 0.169452 0.0374327 0.0530733 0.0257082 0.032625 
0.15608 0.10766 0.0507984 0.0899094 0.0367881 0.0435638 0.0351123 0.0392504 0.14844 0.292397 
0.114064 0.425294 0.066519 0.0675095 0.0392107 0.0592154 0.0355379 0.0510169 0.0638839 0.0777487 
0.0731825 0.0209937 0.0546023 0.0315761 0.210414 0.0858493 0.0383825 0.426909 0.0213998 0.0366901 
0.0166191 0.0158117 0.0353483 0.0432932 0.0950282 0.135652 0.548764 0.0805391 0.0107805 0.0181644 
0.0992338 0.358025 0.219384 0.0488108 0.0421368 0.0555792 0.0275567 0.0488625 0.0535994 0.046811 
0.0154372 0.00874261 0.630491 0.0268111 0.0395145 0.178658 0.0517353 0.0254659 0.0102335 0.0129104 
0.0181996 0.0138787 0.0410694 0.0177462 0.0764734 0.0329064 0.753653 0.0226701 0.0077829 0.0156205 
0.0404699 0.075696 0.358402 0.0357942 0.049147 0.225673 0.0306985 0.118672 0.0256245 0.0398226 
0.0500824 0.0607411 0.0464411 0.457491 0.0448566 0.0418614 0.0392842 0.171852 0.0468473 0.0405431 
0.0203429 0.0175233 0.118016 0.0412389 0.340816 0.0588503 0.330835 0.036062 0.0140069 0.0223087 
0.154683 0.0252225 0.100558 0.107076 0.0201607 0.418381 0.0530694 0.057428 0.0287982 0.0346229 
0.149176 0.383964 0.0292158 0.0272689 0.0196618 0.0325925 0.0194743 0.0945599 0.0266536 0.217433 
0.0529048 0.337025 0.0628501 0.0530933 0.0233021 0.0877308 0.0303635 0.0751895 0.0597407 0.2178 
0.0198258 0.0149604 0.0497717 0.685736 0.0185868 0.0404911 0.021061 0.103318 0.018332 0.0279164 
0.0488772 0.50442 0.0209981 0.0180205 0.0139122 0.0182415 0.013995 0.0138322 0.302916 0.044787 
0.683956 0.0195254 0.0180396 0.0145532 0.0424582 0.014119 0.0121402 0.0108731 0.160337 0.0239985 
0.0686928 0.0225971 0.0129265 0.019492 0.0220846 0.0146363 0.0133948 0.0169909 0.731287 0.0778975 
0.0178841 0.0164482 0.0521482 0.0602799 0.725567 0.0290428 0.0373337 0.0304224 0.0113572 0.0195166 
0.0515447 0.0382421 0.0389981 0.133618 0.0751628 0.234662 0.0747294 0.141836 0.0305858 0.180622 
0.0228818 0.0238285 0.0636366 0.0484539 0.28671 0.051625 0.132182 0.332275 0.0145344 0.0238723 
0.0155219 0.0150923 0.0255882 0.387863 0.0312588 0.032624 0.403235 0.0563587 0.0131407 0.0193176 
0.0314162 0.0180329 0.428146 0.051727 0.163514 0.130851 0.0562033 0.0763231 0.0189511 0.0248348 
0.664563 0.0501562 0.0386641 0.0283262 0.0327154 0.060307 0.0191229 0.028594 0.0487328 0.0288185 
0.0133663 0.00864375 0.0177098 0.0786182 0.0408866 0.453773 0.0186412 0.343209 0.0117431 0.0134083 
0.852585 0.0212319 0.0148716 0.00857831 0.0147775 0.0103694 0.00901497 0.00909321 0.041637 0.0178408 
0.0346296 0.0161782 0.0396695 0.117965 0.0839771 0.509294 0.0242736 0.132778 0.0193629 0.0218718 
0.0384314 0.0259443 0.121329 0.210863 0.0563448 0.0495391 0.0439501 0.351649 0.0287092 0.0732405 
0.0844685 0.0360908 0.110028 0.109937 0.130171 0.0469839 0.0640715 0.307455 0.0396029 0.0711915 
0.0528921 0.0968822 0.0721001 0.0575357 0.107893 0.0625319 0.101925 0.0642697 0.308183 0.075787 
0.0177864 0.0183344 0.0486381 0.0232114 0.605257 0.0227615 0.215692 0.0209819 0.00867354 0.0186629 
0.24556 0.0451075 0.0612763 0.0481132 0.216573 0.0591086 0.114722 0.0722514 0.0270561 0.110232 
0.0228424 0.0190372 0.0383497 0.570629 0.0322588 0.140635 0.0988037 0.0243191 0.0176819 0.0354433 
0.0166226 0.0120767 0.0306376 0.0188422 0.0133269 0.0132094 0.061304 0.793432 0.0113412 0.0292074 
0.0139228 0.0103595 0.128252 0.0676525 0.124789 0.525768 0.0821112 0.0205432 0.0118085 0.0147933 
0.0279077 0.0229538 0.0480381 0.0766417 0.272596 0.186572 0.0254905 0.270986 0.0226224 0.0461918 
0.262299 0.0649576 0.0400594 0.0314776 0.301556 0.041658 0.0298746 0.0839784 0.0925405 0.0515995 
0.0207047 0.0241865 0.0399288 0.663548 0.0192388 0.0743757 0.0763346 0.0473367 0.0187363 0.0156098 
0.0554153 0.351771 0.0168419 0.0143345 0.00944186 0.0262182 0.0150651 0.0162097 0.0214145 0.473288 
0.0303478 0.737145 0.0250788 0.0224136 0.0203798 0.0148427 0.0123026 0.0896013 0.0175139 0.0303744 
0.0131986 0.00840924 0.0320052 0.227286 0.0141456 0.637842 0.0162429 0.0225052 0.014309 0.014056 
0.618346 0.032216 0.0192963 0.0131207 0.0166 0.0132479 0.012397 0.0131671 0.197264 0.0643454 
0.0161749 0.0138983 0.198341 0.0461185 0.539595 0.0697604 0.0587007 0.030394 0.0103845 0.0166323 
0.041791 0.752061 0.0194434 0.0151589 0.0120132 0.02668 0.0261194 0.014123 0.0329693 0.0596408 
0.0184094 0.0143599 0.0267187 0.119865 0.0182439 0.028529 0.043107 0.685393 0.0144221 0.0309517 
0.0603136 0.0292261 0.100517 0.326493 0.172108 0.111259 0.0404107 0.080156 0.04253 0.0369862 
0.168637 0.0352375 0.087864 0.150586 0.0813972 0.0680008 0.308103 0.0444888 0.0244414 0.0312435 
0.199078 0.145203 0.0671482 0.0408783 0.0630885 0.0565052 0.0354956 0.0827352 0.130246 0.179621 
0.0719038 0.156247 0.519618 0.0372841 0.0463896 0.0398228 0.0217409 0.0476649 0.0207149 0.0386142 
0.0416624 0.672466 0.0304981 0.0198747 0.0260487 0.0681996 0.0171192 0.0233952 0.0477606 0.0529752 
0.0231809 0.0169811 0.0214605 0.221553 0.02519 0.0217722 0.0454428 0.023393 0.0205536 0.580473 
0.0311089 0.0329806 0.00731727 0.015243 0.0142249 0.00905885 0.00997916 0.00802902 0.849687 0.0223711 
0.0211821 0.0118141 0.0268605 0.0119755 0.0144064 0.0121969 0.038514 0.829713 0.0134078 0.0199302 
0.0349036 0.0290701 0.10948 0.23173 0.0302129 0.149422 0.109664 0.115289 0.0856352 0.104593 
0.116183 0.11409 0.0931849 0.0800674 0.159886 0.0933686 0.0442854 0.0791256 0.0983291 0.12148 
0.0222205 0.0183326 0.042028 0.11285 0.300515 0.239183 0.14997 0.0685525 0.0163915 0.0299563 
0.0244752 0.0219493 0.117805 0.364588 0.0814751 0.0546807 0.218342 0.0283564 0.0185881 0.0697403 
0.0319405 0.0277573 0.0746391 0.215909 0.258743 0.07993 0.201583 0.0484283 0.0207409 0.040329 
0.0281833 0.636223 0.0297114 0.0164434 0.00769366 0.0230639 0.162193 0.0144825 0.0150189 0.066987 
0.124353 0.238476 0.0478014 0.0604669 0.0369849 0.0474048 0.0264226 0.0369263 0.341705 0.0394593 
0.0836133 0.0717929 0.0633394 0.0610667 0.332305 0.0672178 0.0386736 0.143392 0.0421629 0.0964368 
0.0253976 0.0189544 0.0566106 0.0427418 0.134823 0.10742 0.0692194 0.49623 0.0195945 0.0290087 
0.0325177 0.0651093 0.0481189 0.0515689 0.0839035 0.113692 0.157302 0.025129 0.352123 0.0705365 
0.0318404 0.0674222 0.0766488 0.0550313 0.0363828 0.109512 0.326644 0.118123 0.0230141 0.155381 
0.241349 0.10482 0.0635534 0.0601431 0.0297402 0.0369149 0.0307711 0.0744806 0.0399322 0.318296 
0.0208314 0.0250809 0.77353 0.0354224 0.011246 0.0268018 0.0193643 0.0189942 0.0143839 0.0543448 
0.0396711 0.0270714 0.0577191 0.448515 0.14431 0.091942 0.0806958 0.0310767 0.0440087 0.0349896 
0.0210111 0.117409 0.00885621 0.00659479 0.00959072 0.0101899 0.010061 0.0161447 0.0175771 0.782565 
0.0318738 0.0198987 0.130913 0.038216 0.370692 0.0383984 0.045975 0.275037 0.0206204 0.0283748 
0.027426 0.0550194 0.541479 0.0605063 0.0933171 0.0454044 0.0906102 0.0274976 0.0247971 0.0339435 
0.0196703 0.0144711 0.345304 0.0282296 0.415186 0.0304035 0.0875094 0.0329856 0.0104472 0.0157934 
0.0261027 0.0440548 0.0161105 0.0262189 0.0295094 0.0185151 0.0171284 0.0246904 0.770469 0.0272011 
0.404755 0.0386164 0.0598916 0.0416071 0.0902363 0.153063 0.0466013 0.0308605 0.0816401 0.0527295 
0.011855 0.00735212 0.0152897 0.223614 0.0288742 0.650779 0.0157695 0.0205151 0.0122925 0.0136591 
0.0253312 0.776064 0.0164484 0.0100161 0.00511624 0.0118406 0.0102127 0.0104668 0.0311785 0.103326 
0.0876667 0.175984 0.109165 0.305664 0.0546977 0.0499382 0.0325909 0.0461481 0.090704 0.0474425 
0.0764396 0.0304044 0.522418 0.0424846 0.0874961 0.0540685 0.0373127 0.0378974 0.0506096 0.0608689 
0.0796959 0.0175227 0.0310983 0.713431 0.0164277 0.0344188 0.0254112 0.0329142 0.0217747 0.0273057 
0.894894 0.0139721 0.0214765 0.00624588 0.013442 0.00866446 0.00796026 0.0079651 0.00931127 0.0160687 
0.0657932 0.0667388 0.0905801 0.0716699 0.0646728 0.0480928 0.0540976 0.107288 0.0516847 0.379382 
0.020421 0.0294707 0.0135057 0.0193792 0.0163262 0.0105627 0.0107626 0.00826539 0.860185 0.0111214 
0.00957892 0.0059661 0.147997 0.169204 0.00972074 0.604901 0.0188224 0.0129152 0.0107769 0.0101179 
0.0182995 0.0167466 0.0837672 0.0505389 0.441874 0.0461788 0.288124 0.0253306 0.0110734 0.0180669 
0.023681 0.8155 0.0249481 0.0200221 0.00902677 0.021458 0.0127201 0.0143741 0.0320906 0.0261799 
0.0723627 0.143624 0.0619031 0.0587615 0.258111 0.0863567 0.0355496 0.0485034 0.14128 0.0935478 
0.163288 0.0730456 0.0855043 0.0685595 0.0650368 0.0630411 0.0661062 0.220807 0.0520362 0.142576 
0.159636 0.0424083 0.0781128 0.0440598 0.266583 0.0498856 0.0300711 0.207383 0.0515964 0.0702647 
0.0542157 0.408075 0.0362948 0.0526591 0.0250254 0.0378301 0.0244179 0.0274732 0.0883598 0.245649 
0.0718201 0.0520267 0.17157 0.0915755 0.172181 0.141421 0.0297125 0.0344382 0.19228 0.0429746 
0.0141682 0.0130965 0.0654639 0.0412478 0.100022 0.0485135 0.67924 0.0164436 0.00796134 0.0138435 
0.239265 0.151925 0.0316724 0.0270148 0.0242904 0.030266 0.0209859 0.0585388 0.0614101 0.354631 
0.122813 0.019717 0.0574202 0.588915 0.0182075 0.0501275 0.038754 0.0502001 0.0254894 0.0283565 
0.0228571 0.0158247 0.0555768 0.0398565 0.715903 0.0407667 0.0183853 0.0588859 0.0119417 0.020002 
0.306002 0.0288337 0.0897586 0.388256 0.01973 0.0278727 0.0246467 0.0250326 0.0560226 0.0338449 
0.0214783 0.0147617 0.0701065 0.0592129 0.0521311 0.0560115 0.676403 0.0226378 0.0105161 0.0167409 
0.768373 0.0167795 0.051004 0.0148871 0.0422636 0.0221737 0.0162616 0.0224697 0.0202434 0.0255443 
0.0435498 0.025087 0.102348 0.0750645 0.0598571 0.205321 0.25606 0.162807 0.0291875 0.0407189 
0.247027 0.0209406 0.454815 0.0244992 0.0183144 0.0230306 0.0163278 0.0171039 0.151582 0.0263603 
0.0317284 0.0553405 0.0116878 0.00954147 0.00773435 0.0133901 0.0119223 0.0220182 0.0302273 0.806409 
0.0239622 0.697175 0.0236081 0.0533907 0.021409 0.0402239 0.0204698 0.0192385 0.0176231 0.0828997 
0.0752796 0.234345 0.06219 0.181465 0.0262583 0.0990366 0.0567134 0.060154 0.0683898 0.136168 
0.814625 0.0224007 0.0267803 0.0125783 0.0177807 0.0130471 0.0111352 0.0109504 0.0500319 0.0206706 
0.479198 0.18817 0.0201322 0.0132792 0.0129056 0.0134781 0.0128301 0.0147568 0.143613 0.101638 
0.0450437 0.0557754 0.106324 0.240738 0.0347548 0.0568113 0.0432778 0.185925 0.0421723 0.189178 
0.421007 0.0512299 0.0253278 0.0135114 0.0134386 0.0141136 0.0143681 0.0234831 0.0858005 0.33772 
0.0230667 0.817726 0.0139973 0.0134359 0.00576986 0.0114592 0.0104327 0.0106427 0.0341322 0.0593379 
0.0259269 0.8087 0.0164708 0.0130461 0.0140472 0.0170208 0.0113636 0.0114565 0.0333056 0.0486625 
0.133323 0.186044 0.0496983 0.062544 0.0524705 0.0378516 0.0416012 0.148401 0.0407687 0.247298 
0.0225711 0.0158394 0.0334769 0.0201847 0.0463351 0.0196996 0.0159858 0.788042 0.0144912 0.0233747 
0.0203616 0.228298 0.00976949 0.0107666 0.0088082 0.0103144 0.010699 0.0113442 0.36803 0.321609 
0.151736 0.0364034 0.167926 0.049323 0.113207 0.0613493 0.0334242 0.211389 0.10654 0.0687021 
0.0118808 0.0136315 0.0386876 0.0144042 0.0464775 0.0255566 0.815022 0.0148859 0.00604382 0.0134102 
0.0219184 0.0352906 0.0238759 0.636487 0.0204495 0.0895668 0.0219964 0.0191198 0.106924 0.0243719 
0.875736 0.014841 0.0119977 0.00705447 0.0144973 0.00838042 0.00793011 0.00765977 0.0361618 0.0157418 
0.0758767 0.0231739 0.221204 0.0359906 0.0810119 0.0315385 0.0178448 0.018062 0.47569 0.0196083 
0.0488209 0.0427877 0.00826405 0.00715059 0.00765988 0.00672657 0.00829485 0.00800036 0.424498 0.437797 
0.0478768 0.0429976 0.00971953 0.00770222 0.00915848 0.00867783 0.00996755 0.0116575 0.135511 0.716732 
0.0165853 0.0148502 0.0653169 0.015547 0.0718486 0.0336622 0.702603 0.0512243 0.00877325 0.0195893 
0.0767065 0.0759593 0.22202 0.157402 0.0619562 0.222115 0.0537132 0.0561204 0.0323871 0.0416207 
0.0295229 0.1973 0.0106908 0.00785981 0.00827906 0.0144812 0.0106843 0.015044 0.0326386 0.673499 
0.244112 0.0681917 0.189372 0.071361 0.0512109 0.0967968 0.0498844 0.0906398 0.084811 0.0536205 
0.0133784 0.042177 0.0159591 0.0198652 0.0192685 0.0112124 0.0114941 0.00992655 0.837756 0.018963 
0.0575225 0.0547617 0.0649951 0.107091 0.0317597 0.0618773 0.029651 0.0653571 0.491344 0.0356408 
0.0355865 0.248054 0.0115813 0.00893479 0.00836585 0.0101824 0.0127629 0.0292822 0.0337106 0.601539 
0.066826 0.0461418 0.138269 0.0602498 0.0906728 0.145652 0.267443 0.0620563 0.0414011 0.0812875 
0.0264146 0.0192253 0.171539 0.345771 0.0942122 0.240842 0.0363551 0.020861 0.0218431 0.0229367 
0.0494743 0.0718438 0.0332966 0.0508456 0.0477736 0.518558 0.0220685 0.0919042 0.0272017 0.0870338 
0.135107 0.0350267 0.0381222 0.0367549 0.0594958 0.18376 0.0306994 0.0575642 0.375302 0.0481674 
0.0266538 0.0182946 0.0907276 0.13496 0.286914 0.248721 0.066466 0.0821176 0.0208548 0.0242908 
0.0297001 0.780227 0.0185364 0.0121637 0.016144 0.0312114 0.0127363 0.0162156 0.0196443 0.0634218 
0.770803 0.0204113 0.0283127 0.0162752 0.0565491 0.0164003 0.0129696 0.0131573 0.0447221 0.0203992 
0.0220197 0.0168086 0.14112 0.615216 0.0273981 0.0791174 0.028483 0.0262677 0.017814 0.0257559 
0.0327999 0.578035 0.0286741 0.0256389 0.0352136 0.0327136 0.0302255 0.0211994 0.0294535 0.186046 
0.0260703 0.0206787 0.0504761 0.0323579 0.598346 0.0357044 0.0362159 0.152013 0.018961 0.0291769 
0.0378459 0.495815 0.172252 0.0548995 0.0232092 0.0770514 0.0252573 0.0307182 0.0340206 0.0489307 
0.0313987 0.0237948 0.0977463 0.494025 0.0613115 0.0464405 0.0879051 0.0879875 0.0225609 0.04683 
0.0240106 0.0249571 0.0867784 0.0261673 0.0186662 0.0201356 0.013721 0.0206772 0.750716 0.0141707 
0.0381579 0.0279661 0.0288823 0.387572 0.0480927 0.0850047 0.044297 0.0241153 0.141803 0.174109 
0.056795 0.265942 0.103571 0.159003 0.0652119 0.0809982 0.0488216 0.0649311 0.070074 0.0846518 
0.0665688 0.106302 0.0518504 0.146737 0.0779062 0.149083 0.0698945 0.0650776 0.0881425 0.178439 
0.120965 0.0310333 0.201007 0.117427 0.1424 0.186772 0.0832545 0.0546262 0.0256946 0.0368208 
0.0290592 0.102234 0.0284895 0.0163405 0.0124815 0.0142944 0.0216953 0.0197357 0.0707476 0.684922 
0.0127157 0.00735732 0.39636 0.0443954 0.0383477 0.436726 0.0254334 0.0166294 0.0103832 0.0116522 
0.0223064 0.0186018 0.0707565 0.0606687 0.60943 0.0807013 0.0395621 0.0583438 0.0155851 0.0240439 
0.0391633 0.0637114 0.130875 0.0679629 0.317267 0.0511834 0.0470245 0.0377081 0.190698 0.0544063 
0.0186415 0.0157531 0.0657804 0.424547 0.297092 0.0694556 0.0474786 0.0250189 0.0139028 0.022331 
0.011116 0.0144682 0.0151621 0.432325 0.0104103 0.461092 0.0151015 0.0131416 0.0131364 0.0140468 
0.0314097 0.0344523 0.0635523 0.346515 0.113369 0.215127 0.0526649 0.0838001 0.0269861 0.0321242 
0.0326484 0.0487432 0.0273974 0.0126602 0.0111902 0.0126985 0.0135742 0.0316822 0.0247035 0.784702 
0.0259057 0.0208132 0.0468417 0.105262 0.0142581 0.0337465 0.250002 0.463632 0.0176899 0.0218482 
0.061414 0.0647377 0.0613577 0.0802054 0.0479341 0.0867846 0.041504 0.186412 0.14689 0.22276 
0.085014 0.124484 0.0605937 0.0393922 0.305103 0.0531813 0.0322068 0.0615611 0.0496903 0.188774 
0.0598144 0.11073 0.0401211 0.0398877 0.433101 0.0586181 0.107145 0.0457819 0.0271624 0.0776386 
0.0462037 0.0227369 0.491658 0.10107 0.0314463 0.145687 0.0534851 0.0542236 0.0264573 0.0270317 
0.0591619 0.182674 0.034847 0.0472069 0.0228727 0.0354134 0.0334473 0.0642161 0.0539782 0.466182 
0.0492827 0.0539928 0.0574923 0.229875 0.103191 0.29925 0.0467366 0.0490878 0.0523473 0.0587442 
0.144729 0.0332851 0.0452911 0.0497133 0.256845 0.257262 0.0285903 0.120017 0.0252883 0.0389787 
0.0427622 0.300429 0.142328 0.248917 0.02402 0.0420056 0.0447403 0.0471525 0.0270219 0.0806231 
0.0134063 0.0131422 0.0389107 0.0475232 0.0331311 0.0404066 0.771371 0.0218826 0.00751896 0.0127078 
0.030189 0.02828 0.627434 0.0366004 0.0826297 0.0642171 0.0231101 0.0728227 0.0149 0.0198173 
0.02189 0.122741 0.11533 0.0378664 0.0138459 0.0626228 0.582739 0.0134274 0.0115544 0.017983 
0.0311203 0.108869 0.0686859 0.0484383 0.525297 0.0538139 0.050167 0.040412 0.0228589 0.0503374 
0.0462559 0.0183155 0.108302 0.0255939 0.113276 0.0674744 0.0575263 0.522018 0.0174623 0.0237754 
0.0112937 0.00775783 0.0115462 0.0479038 0.261315 0.588903 0.0220421 0.0272449 0.00961624 0.0123774 
0.018923 0.0163895 0.028342 0.330031 0.0497609 0.232248 0.233545 0.0565394 0.0149582 0.0192621 
0.0173295 0.0160458 0.0412319 0.485192 0.057613 0.0651553 0.269518 0.0181584 0.0126864 0.0170692 
0.0416051 0.0186542 0.0540542 0.0290404 0.093833 0.0418584 0.66614 0.0182738 0.0152465 0.0212945 
0.122584 0.0432307 0.0277023 0.186441 0.015302 0.0247663 0.0206591 0.248612 0.0287296 0.281973 
0.0189578 0.01864 0.0305998 0.490653 0.0361693 0.234737 0.0974897 0.0368487 0.0156296 0.0202756 
0.406803 0.0262856 0.026589 0.0246829 0.0295016 0.0174763 0.0163028 0.083059 0.341915 0.0273842 
0.0343763 0.021856 0.506601 0.131748 0.0299004 0.0728973 0.053377 0.0322019 0.0250301 0.0920118 
0.0362882 0.0295493 0.082526 0.196219 0.170212 0.146492 0.032414 0.218382 0.0339764 0.0539414 
0.396105 0.0118072 0.478516 0.0197219 0.0104089 0.0364447 0.0118283 0.0112164 0.0119472 0.0120048 
0.0565777 0.570053 0.0258195 0.126222 0.0163714 0.0811641 0.0201487 0.0196598 0.0526221 0.0313621 
0.0251554 0.019735 0.0542123 0.216089 0.0544345 0.0432146 0.0829078 0.447254 0.026805 0.0301923 
0.0161395 0.0102979 0.675224 0.0695888 0.104404 0.0316531 0.043191 0.0261473 0.0100248 0.0133299 
0.011112 0.00874387 0.0123465 0.223532 0.0124395 0.651065 0.0363349 0.0140435 0.0150391 0.0153437 
0.209874 0.0488837 0.0717095 0.0306325 0.0359803 0.0357491 0.0266836 0.121525 0.0922416 0.326721 
0.0531038 0.149757 0.0457797 0.0213624 0.0127634 0.0193445 0.0144033 0.0131634 0.580291 0.0900313 
0.018937 0.0178609 0.0807272 0.178832 0.0823683 0.0346842 0.525581 0.0209872 0.0125098 0.0275124 
0.0309616 0.0257985 0.0684429 0.162178 0.199899 0.164593 0.238404 0.0541432 0.0223103 0.0332698 
0.0340528 0.115865 0.0157597 0.014798 0.0117622 0.0103802 0.0105312 0.0094255 0.747889 0.0295358 
0.0470979 0.0265693 0.267948 0.0521679 0.080442 0.167772 0.261544 0.0437726 0.0210641 0.0316222 
0.106724 0.250698 0.100539 0.0696905 0.0852308 0.0922274 0.0377242 0.0611175 0.0933211 0.102727 
0.0183847 0.405752 0.00709454 0.00425132 0.00349845 0.00600458 0.007263 0.00955033 0.0131547 0.525046 
0.0376807 0.038621 0.0604878 0.149875 0.0473268 0.105261 0.443715 0.0235772 0.0333666 0.0600883 
0.575329 0.0307232 0.0853169 0.0267645 0.0280844 0.0325254 0.017086 0.0170518 0.159924 0.0271944 
0.613851 0.0241736 0.031692 0.0617746 0.0261477 0.0850622 0.0891022 0.0242711 0.0168753 0.0270509 
0.0411331 0.0426721 0.0435762 0.0285667 0.163532 0.0295218 0.0282666 0.501438 0.029618 0.0916748 
0.0283653 0.0197387 0.0550378 0.0568599 0.677154 0.0346774 0.0475547 0.0317761 0.0156559 0.0331797 
0.0579377 0.0676401 0.160676 0.0677939 0.204293 0.0673977 0.0352649 0.23485 0.0299627 0.0741842 
0.0359634 0.0712747 0.0308952 0.0683495 0.0214012 0.121617 0.0333238 0.027381 0.0344595 0.555335 
0.161589 0.0336161 0.078278 0.111344 0.187926 0.0866906 0.0715373 0.139093 0.0829168 0.04701 
0.0149839 0.0142086 0.0433607 0.156886 0.0223894 0.0272509 0.677301 0.0209204 0.00898576 0.0137128 
0.0205546 0.802485 0.0153012 0.00932438 0.00517932 0.0105013 0.0103323 0.0105035 0.0148956 0.100923 
0.0176039 0.0169542 0.0617525 0.0742468 0.0878735 0.0388366 0.648452 0.026224 0.0103585 0.0176977 
0.0171377 0.011562 0.0303 0.00829969 0.0263211 0.0161257 0.0270469 0.836708 0.01188 0.0146187 
0.0226849 0.0428101 0.410504 0.023221 0.0108259 0.0252541 0.0140525 0.0123383 0.415298 0.0230121 
0.0362844 0.0783128 0.0735733 0.26954 0.111096 0.222762 0.0410456 0.0537806 0.0344116 0.0791939 
0.0174941 0.0144029 0.029251 0.0359595 0.0200564 0.14031 0.0145626 0.690345 0.0162546 0.0213636 
0.0187983 0.0159689 0.0216171 0.0296799 0.0337822 0.0463054 0.0668077 0.706993 0.013481 0.0465662 
0.0128914 0.00721603 0.757021 0.0669041 0.0188754 0.0731918 0.0280153 0.0172245 0.00930253 0.00935828 
0.0301867 0.0263108 0.0708933 0.0245926 0.0158608 0.019804 0.0128817 0.0115631 0.773662 0.0142447 
0.0327756 0.0311815 0.17815 0.430233 0.0689298 0.0441766 0.0934698 0.0220017 0.0439083 0.0551735 
0.0165031 0.0116523 0.0252521 0.0893016 0.0273275 0.566112 0.14892 0.0837746 0.0134528 0.0177047 
0.333629 0.00753065 0.588089 0.0133223 0.00722783 0.0116877 0.00961277 0.00848783 0.0119103 0.0085022 
0.0332888 0.0148207 0.0337602 0.0501806 0.46962 0.121197 0.0224476 0.222943 0.0130112 0.0187313 
0.0299715 0.0183441 0.033167 0.405287 0.0209886 0.3389 0.0886033 0.0179092 0.0269099 0.0199199 
0.0147626 0.356677 0.0057329 0.00471095 0.00363004 0.00535475 0.00714629 0.00764509 0.0188276 0.575513 
0.0217412 0.713639 0.0106221 0.00787227 0.0051546 0.0085955 0.00942675 0.009641 0.0507683 0.162539 
0.871806 0.0159029 0.0137608 0.00734112 0.0146412 0.00932768 0.00824794 0.00807828 0.0351183 0.0157757 
0.0203118 0.815625 0.0126453 0.00892724 0.0049312 0.0120889 0.0102594 0.012095 0.0177943 0.0853215 
0.0230685 0.0182698 0.0527819 0.0892577 0.372458 0.11623 0.15238 0.139551 0.0150784 0.0209244 
0.0335869 0.0229432 0.0636464 0.200809 0.297421 0.195119 0.0636848 0.0691522 0.0196267 0.0340108 
0.0478803 0.0260066 0.0705453 0.261547 0.0254261 0.0573852 0.0312086 0.40721 0.0266136 0.0461782 
0.0465074 0.758431 0.0248573 0.0191769 0.0141991 0.0229725 0.0160782 0.0335701 0.0191664 0.0450413 
0.0201372 0.0151305 0.0115755 0.00908162 0.00800332 0.0156001 0.0161882 0.198426 0.0193635 0.686494 
0.0239389 0.0349726 0.0281267 0.386456 0.0263333 0.0409918 0.309002 0.0316722 0.0709575 0.0475494 
0.0423987 0.0322517 0.0746673 0.205012 0.0638118 0.11455 0.0876138 0.169636 0.0354316 0.174626 
0.0661772 0.0448843 0.0986387 0.0475622 0.0419182 0.0629869 0.251471 0.236253 0.0403799 0.109729 
0.0847255 0.0351787 0.212266 0.0629596 0.145966 0.0867479 0.100044 0.114113 0.0346348 0.123365 
0.0993221 0.0860516 0.0840831 0.0632343 0.0564923 0.0646338 0.0331253 0.0693186 0.0591327 0.384606 
0.0232042 0.0141263 0.00882122 0.00750445 0.00757059 0.00987854 0.0138739 0.0247128 0.0211145 0.869194 
0.0434801 0.403014 0.0219423 0.0164955 0.0183534 0.0187042 0.0179965 0.0126424 0.414591 0.0327804 
0.0292802 0.726727 0.0199216 0.0195225 0.0352375 0.0232364 0.0146626 0.0150784 0.033227 0.0831064 
0.716948 0.0259178 0.0331045 0.0175994 0.0186628 0.0163026 0.0122917 0.0149223 0.123169 0.0210816 
0.0335117 0.0189539 0.446456 0.0370197 0.0350095 0.311743 0.0281938 0.0228223 0.0348355 0.0314546 
0.0438791 0.0241819 0.0322915 0.0352911 0.0261045 0.0320457 0.0233593 0.0231386 0.706434 0.053274 
0.058875 0.049077 0.0619371 0.117776 0.141658 0.121711 0.0733864 0.0486178 0.216644 0.110318 
0.0124867 0.012988 0.0452346 0.0115102 0.0153997 0.0249428 0.845285 0.0121565 0.00579067 0.0142059 
0.126511 0.144348 0.0872478 0.0510724 0.0790551 0.056117 0.173242 0.0332934 0.124574 0.124539 
0.616068 0.0265196 0.0417904 0.031233 0.0252796 0.0180756 0.0159473 0.0725325 0.119732 0.0328217 
0.0133806 0.0135254 0.0313706 0.0644586 0.608758 0.0263655 0.19604 0.0203279 0.00835484 0.0174188 
0.0314687 0.721031 0.020347 0.0275973 0.0214805 0.0235753 0.0150921 0.0165241 0.0641016 0.0587826 
0.0169924 0.0129742 0.255863 0.0308936 0.435522 0.144528 0.0361115 0.0383286 0.0119986 0.0167892 
0.0883696 0.0342561 0.22607 0.0384465 0.0373639 0.0659228 0.293041 0.036701 0.140735 0.0390945 
0.100388 0.0270616 0.509734 0.0384524 0.161705 0.0328991 0.0251464 0.0400226 0.0251562 0.0394353 
0.633868 0.0200108 0.034285 0.0142928 0.0183553 0.0147471 0.0122082 0.0108058 0.223901 0.0175261 
0.0357144 0.0280498 0.0793779 0.337064 0.0297644 0.289626 0.0454422 0.0607301 0.0441366 0.0500952 
0.0574052 0.0848876 0.0514763 0.0495468 0.0911734 0.372651 0.0413395 0.0995785 0.0729137 0.0790277 
0.0251251 0.0175519 0.115047 0.146164 0.225901 0.308457 0.0345648 0.0846228 0.019116 0.0234514 
0.0556515 0.0269605 0.0777595 0.154551 0.0781165 0.144961 0.319652 0.0851719 0.0268186 0.0303584 
0.0867097 0.06009 0.0840302 0.0634422 0.100936 0.273304 0.0314593 0.147744 0.0503474 0.101938 
0.656365 0.0738278 0.0217408 0.0137996 0.0851906 0.0193423 0.0152506 0.028087 0.0203063 0.0660904 
0.0375475 0.0263661 0.0843287 0.524964 0.0622436 0.0491691 0.0685219 0.0345443 0.0426139 0.0697005 
0.0551076 0.0854409 0.0153756 0.0167084 0.0145341 0.0125477 0.0117738 0.00994911 0.758402 0.0201605 
0.0223469 0.0187885 0.0788483 0.0948815 0.262837 0.0806795 0.28779 0.116986 0.0149416 0.0219015 
0.0300486 0.0293217 0.0453219 0.193067 0.05547 0.0815556 0.378503 0.025065 0.0862685 0.0753792 
0.0161411 0.0124966 0.150782 0.572201 0.0169136 0.131486 0.0549279 0.016841 0.013799 0.0144117 
0.513103 0.0370844 0.0428475 0.0270588 0.0194261 0.0177274 0.0140194 0.0174099 0.288018 0.0233051 
0.0630609 0.436224 0.069927 0.0488057 0.0990429 0.0521562 0.0715349 0.0347996 0.0509212 0.0735276 
0.680822 0.0362247 0.053501 0.0237948 0.0271014 0.0205041 0.0164178 0.0214222 0.077875 0.0423373 
0.0098095 0.00525931 0.00664441 0.0197876 0.00801844 0.887924 0.0168395 0.012574 0.0158945 0.0172487 
0.0208596 0.0137218 0.0596073 0.0366234 0.0327217 0.675989 0.0676453 0.0167122 0.0563403 0.0197796 
0.0425076 0.0383818 0.0694772 0.0501774 0.338045 0.0476659 0.182638 0.104352 0.0353958 0.09136 
0.0345079 0.0629889 0.0257386 0.140315 0.0255395 0.0386497 0.084009 0.0293783 0.0279533 0.530919 
0.0211105 0.0163027 0.0343432 0.270538 0.0598665 0.374837 0.0211956 0.162121 0.0187639 0.0209223 
0.0362607 0.742975 0.0136117 0.0138808 0.00533754 0.0168942 0.010743 0.00972183 0.0192652 0.13131 
0.026578 0.025291 0.141247 0.539461 0.0344559 0.126752 0.0331523 0.0227419 0.0246436 0.0256767 
0.786284 0.041294 0.016675 0.0146443 0.0258876 0.0122305 0.0105328 0.0108717 0.0601996 0.0213804 
0.449983 0.0447379 0.123862 0.0474134 0.0789668 0.0461651 0.0264292 0.0297213 0.113368 0.039354 
0.855498 0.0181123 0.0158639 0.00924022 0.0167529 0.0118318 0.0113251 0.00983504 0.0312958 0.0202455 
0.0268261 0.0267708 0.0320377 0.139821 0.0223804 0.62905 0.0302624 0.0362831 0.0225475 0.0340212 
0.0319096 0.687079 0.0247314 0.0468365 0.0143976 0.0324127 0.0183097 0.0162225 0.0880303 0.0400708 
0.0328637 0.0260144 0.0469679 0.101828 0.136671 0.0761184 0.500608 0.0204504 0.0335882 0.0248901 
0.0204962 0.0198378 0.0334786 0.0745659 0.0568906 0.642451 0.071981 0.0298962 0.0221477 0.0282549 
0.0258486 0.0857886 0.0120374 0.0166172 0.0118248 0.467068 0.0150239 0.0193071 0.0276434 0.318841 
0.0476003 0.0161533 0.712981 0.0447848 0.0161974 0.0359195 0.0176243 0.0456951 0.0442307 0.018814 
0.0224614 0.0153438 0.0734476 0.0234602 0.686223 0.0264699 0.0150044 0.107453 0.0116753 0.0184619 
0.858672 0.0158948 0.0169869 0.00823836 0.0169777 0.0109028 0.00938078 0.0262648 0.013509 0.0231725 
0.0386261 0.285783 0.0149388 0.0136145 0.0112537 0.0133499 0.0144691 0.0156019 0.189603 0.40276 
0.0140634 0.0094262 0.536631 0.0202948 0.06549 0.0229105 0.296535 0.0161949 0.00724866 0.0112055 
0.0443492 0.384554 0.0252605 0.0171636 0.0237142 0.021319 0.0146132 0.016425 0.395765 0.0568361 
0.0415326 0.591639 0.0369878 0.0513609 0.0612952 0.0432349 0.0518808 0.0293993 0.0426385 0.050031 
0.037661 0.0881973 0.0477373 0.338337 0.0249755 0.0823826 0.040716 0.191425 0.0478034 0.100765 
0.461925 0.0413618 0.036958 0.0210739 0.0292472 0.0225351 0.0164496 0.0161632 0.323486 0.0308 
0.0212252 0.0177718 0.05207 0.0214077 0.0297146 0.0466747 0.661504 0.0926031 0.0122084 0.0448206 
0.711634 0.0271203 0.0303175 0.0158064 0.0263764 0.0199398 0.0135399 0.0129342 0.115192 0.0271398 
0.00943383 0.0043524 0.00552323 0.00985709 0.00833462 0.898791 0.0184584 0.013967 0.0153125 0.0159703 
0.293206 0.0138508 0.376566 0.0209919 0.199469 0.0218741 0.0213463 0.0255819 0.0116754 0.0154381 
0.892766 0.0152095 0.0167318 0.00673119 0.0143254 0.00926278 0.00829246 0.00840623 0.0113298 0.0169448 
0.0509129 0.0653369 0.0106963 0.0067271 0.00793631 0.0089722 0.010852 0.0136231 0.0255911 0.799352 
0.338568 0.0329559 0.380913 0.0210014 0.0190784 0.0225938 0.0184839 0.0276676 0.0305625 0.108176 
0.0242406 0.0344502 0.00593239 0.00472175 0.00596395 0.00704726 0.0101951 0.0117856 0.0354769 0.860186 
0.0500186 0.0343236 0.0765985 0.0813744 0.162382 0.073449 0.0833175 0.363028 0.0356192 0.0398888 
0.0213893 0.870351 0.0155413 0.0104195 0.00803422 0.0131762 0.0110903 0.01474 0.0136532 0.0216054 
0.0230411 0.0161468 0.262211 0.0670377 0.395757 0.0308241 0.135032 0.0415802 0.0121045 0.016265 
0.026823 0.0198186 0.0845254 0.230552 0.0664955 0.226984 0.267219 0.0333022 0.0206869 0.0235933 
0.0193671 0.0123037 0.0589239 0.0223606 0.713214 0.0243487 0.110974 0.0172903 0.00762059 0.0135965 
0.0554487 0.0692098 0.0827899 0.194471 0.0769101 0.0664769 0.0709099 0.0872254 0.0507708 0.245787 
0.0391388 0.0250499 0.0370869 0.017829 0.0142427 0.0154497 0.0124825 0.79493 0.0174194 0.0263714 
0.0289617 0.0352012 0.0281589 0.0226715 0.0248702 0.016549 0.013466 0.012203 0.797427 0.0204918 
0.030381 0.0274382 0.0905365 0.189389 0.311267 0.110721 0.0293895 0.161002 0.0216933 0.0281828 
0.0143 0.0139688 0.030928 0.0279285 0.769068 0.0279797 0.0376762 0.0522545 0.00905308 0.0168429 
0.0565327 0.0530424 0.0403188 0.12697 0.045052 0.17909 0.033274 0.0715005 0.0693048 0.324915 
0.0227013 0.02051 0.0363591 0.0295439 0.0302852 0.0464107 0.0350767 0.736495 0.0199809 0.0226372 
0.0250695 0.0165067 0.241619 0.338152 0.074538 0.160219 0.067556 0.0319653 0.0183875 0.0259876 
0.477587 0.014712 0.00931977 0.00905854 0.0126749 0.00810134 0.00718176 0.00625667 0.445094 0.0100133 
0.0471582 0.292204 0.0762309 0.0435038 0.0118384 0.0245562 0.018548 0.0397451 0.030243 0.415972 
0.0222397 0.0189197 0.098552 0.128314 0.0518587 0.0570006 0.557771 0.0292982 0.0130439 0.0230024 
0.0140566 0.0130015 0.0407935 0.0589525 0.0447642 0.0860012 0.700778 0.0175647 0.00876624 0.0153221 
0.0377736 0.0246177 0.260301 0.0613398 0.0918186 0.278037 0.0417226 0.101123 0.0245784 0.0786885 
0.0139524 0.00918775 0.0725869 0.0373745 0.144146 0.621799 0.0394507 0.0346582 0.0118342 0.0150101 
0.0626586 0.0532831 0.0898797 0.0823152 0.359802 0.0504561 0.0272682 0.202308 0.0264962 0.0455328 
0.078227 0.0661133 0.0671431 0.0489561 0.0244356 0.0606463 0.0236069 0.03558 0.548439 0.0468527 
0.0244144 0.0167207 0.067587 0.0260611 0.0394455 0.0390541 0.722157 0.0291576 0.0107338 0.0246692 
