0.375867 0.0125358 0.270712 0.0294078 0.0273798 0.210831 0.00596223 0.0107895 0.0130665 0.0434488 
0.114536 0.0193182 0.0376546 0.0336986 0.361184 0.327437 0.0327478 0.0129231 0.00808224 0.0524185 
0.0499411 0.00861563 0.799952 0.0283722 0.0125952 0.0697608 0.0012092 0.00124122 0.0119878 0.0163245 
0.0164706 0.000504503 0.00171218 0.000839229 0.00158949 0.0111168 0.00416902 0.945939 0.000264843 0.0173943 
0.0934649 0.0108633 0.0368327 0.024142 0.19081 0.410035 0.151036 0.0153504 0.00710585 0.0603596 
0.0631534 0.00122693 0.00432523 0.00207142 0.00359723 0.0229179 0.00530831 0.86981 0.000669603 0.0269198 
0.452426 0.0122592 0.0798369 0.0764606 0.0523577 0.254873 0.0105863 0.0153263 0.00953436 0.03634 
0.0215942 0.000963425 0.0173937 0.0189302 0.0140248 0.0208546 0.0105476 0.0148255 0.000267486 0.880598 
0.666889 0.00952411 0.0407242 0.0186875 0.029589 0.13002 0.0132186 0.0420041 0.00667466 0.0426691 
0.0164217 0.0029634 0.0141168 0.0100498 0.0126425 0.0638571 0.857433 0.00671675 0.00162775 0.014171 
0.0688555 0.00945311 0.704672 0.0413563 0.0169429 0.124982 0.00188654 0.00199806 0.0133006 0.0165534 
0.397615 0.0106695 0.0708003 0.214165 0.0522135 0.132707 0.0146106 0.0405227 0.00603523 0.0606609 
0.0413897 0.0129321 0.0226423 0.0274771 0.786377 0.0635373 0.0174559 0.00458649 0.00463175 0.0189701 
0.123377 0.0137517 0.271144 0.126654 0.0735276 0.331662 0.00885135 0.00750648 0.0125677 0.0309591 
0.715157 0.0084989 0.0326931 0.0215131 0.0272654 0.0715583 0.0135284 0.0561088 0.0050384 0.0486383 
0.0165149 0.000479054 0.00162491 0.000796309 0.00150769 0.00987777 0.00348087 0.947891 0.000247557 0.0175801 
0.121195 0.016337 0.100467 0.0160128 0.0234901 0.660094 0.00845897 0.00976465 0.0173993 0.026782 
0.103283 0.0106335 0.781566 0.0215263 0.0116398 0.0403979 0.0010768 0.00139594 0.0125932 0.0158877 
0.0160148 0.000472639 0.00160536 0.000789334 0.00149084 0.0098533 0.00348966 0.94826 0.000243741 0.0177806 
0.0716046 0.0158521 0.0848498 0.0197347 0.0615325 0.661657 0.0316451 0.00982127 0.011942 0.0313613 
0.0181032 0.000530039 0.00189265 0.000936103 0.00173022 0.0114005 0.00370598 0.940551 0.000277494 0.0208732 
0.0553158 0.00182211 0.0208621 0.0156657 0.0134268 0.0434311 0.013528 0.0454699 0.000759708 0.789719 
0.169142 0.00899036 0.0624325 0.30597 0.0809006 0.253006 0.0207775 0.016944 0.00585992 0.0759771 
0.0635474 0.00946953 0.119069 0.0185104 0.0380893 0.693732 0.00934257 0.0073916 0.0137509 0.0270975 
0.130542 0.00252943 0.0249941 0.0193273 0.0172705 0.0309274 0.00957186 0.0168961 0.000989989 0.746951 
0.602094 0.00828558 0.0358563 0.0452493 0.0578541 0.0786458 0.020754 0.0393834 0.00441518 0.107463 
0.0252165 0.0006968 0.00244888 0.00129352 0.00236052 0.0140608 0.00697048 0.925427 0.000366222 0.021159 
0.0636917 0.0588074 0.638229 0.0253928 0.129087 0.0512454 0.00263674 0.00210163 0.0155492 0.0132582 
0.042438 0.0107679 0.0537846 0.0117809 0.0510557 0.766314 0.0106 0.00908241 0.0171873 0.0269895 
0.532981 0.00800389 0.0400507 0.0117454 0.0150018 0.0561065 0.00768026 0.0764296 0.236663 0.0153382 
0.0167347 0.00060864 0.00227852 0.00123283 0.0020664 0.0127032 0.021185 0.923652 0.000319319 0.0192196 
0.0931244 0.011949 0.360568 0.0518336 0.0315618 0.396662 0.00540732 0.00624934 0.0134424 0.0292028 
0.0843618 0.0143506 0.528142 0.236615 0.0250706 0.0782896 0.00318294 0.00330099 0.0114856 0.0152004 
0.0550777 0.000880663 0.00304346 0.00160227 0.00274148 0.0144223 0.00519513 0.89378 0.000470633 0.0227861 
0.231912 0.0189784 0.316004 0.0188062 0.0177543 0.0869134 0.00385767 0.0054712 0.290112 0.0101917 
0.0598506 0.00642586 0.312582 0.318259 0.0284987 0.11728 0.00740788 0.0068742 0.00453855 0.138284 
0.778062 0.0100992 0.0313086 0.0189576 0.0213996 0.0393459 0.00913777 0.0476363 0.00605939 0.0379936 
0.0381973 0.00882821 0.0386461 0.0113466 0.0354818 0.791842 0.0146875 0.0120359 0.0157779 0.0331566 
0.0566238 0.0103703 0.0597571 0.0264983 0.102137 0.684405 0.0106499 0.00868324 0.0124625 0.0284119 
0.0666955 0.0021623 0.0282777 0.037716 0.0191097 0.0455821 0.0151681 0.0151977 0.000846581 0.769244 
0.0870668 0.00901902 0.0276829 0.0113675 0.0266936 0.704761 0.0173154 0.0671448 0.00750935 0.0414396 
0.0466423 0.0010172 0.00409249 0.00219966 0.004396 0.0170578 0.00536379 0.877157 0.000517362 0.0415559 
0.0985782 0.0521244 0.700226 0.0259255 0.0147548 0.0482244 0.00207123 0.00232449 0.045138 0.0106327 
0.140596 0.00798993 0.0875968 0.112427 0.0543921 0.26068 0.0255257 0.0343856 0.0052182 0.271188 
0.216953 0.00346397 0.0213405 0.594579 0.0246138 0.0294746 0.0122151 0.018667 0.00135564 0.0773366 
0.0808748 0.0011202 0.00421934 0.00215246 0.00334046 0.0168514 0.00493125 0.856162 0.000598991 0.0297494 
0.0502397 0.00904155 0.783511 0.0293352 0.0139077 0.0845188 0.00117579 0.00121518 0.0133665 0.0136884 
0.0167329 0.000610313 0.00203096 0.00104565 0.00276008 0.0119831 0.00616537 0.940345 0.000312486 0.0180137 
0.293686 0.00231667 0.00811276 0.00382167 0.00574982 0.0253806 0.00601282 0.624531 0.00131566 0.029073 
0.700484 0.00489099 0.0164138 0.00903797 0.0109798 0.0309718 0.00719199 0.181012 0.00286773 0.0361493 
0.0648483 0.00962817 0.830409 0.0225789 0.0104163 0.0352063 0.000727227 0.000826336 0.0142794 0.0110797 
0.547616 0.0118768 0.0451007 0.0173857 0.0509154 0.254525 0.00986331 0.0207976 0.0104966 0.0314222 
0.29796 0.0028945 0.0103466 0.005211 0.00762731 0.0377549 0.00750222 0.578951 0.00157943 0.0501729 
0.0248265 0.0146353 0.0309787 0.0169439 0.801963 0.0802491 0.00870102 0.00299433 0.00620708 0.0125013 
0.0514607 0.0152828 0.849883 0.018412 0.00961585 0.0289872 0.00062172 0.000671548 0.0158844 0.00918138 
0.0235309 0.000565043 0.0019171 0.000971274 0.00176479 0.0107997 0.00379319 0.937476 0.000293287 0.0188889 
0.457498 0.0139246 0.253083 0.0428054 0.0349858 0.123494 0.00658884 0.0108951 0.010589 0.0461373 
0.244423 0.245306 0.285502 0.116396 0.02151 0.0447881 0.00562523 0.00689654 0.0127018 0.0168516 
0.0489498 0.0114653 0.843734 0.0176632 0.0102142 0.0388477 0.000665684 0.000712122 0.0180984 0.00964954 
0.675396 0.00674526 0.0457573 0.0220195 0.0209798 0.0604878 0.0104277 0.0525078 0.0041023 0.101576 
0.0634082 0.0133387 0.183855 0.0225289 0.0583087 0.597484 0.0118498 0.00650253 0.015507 0.0272179 
0.147176 0.0131379 0.377379 0.198512 0.036588 0.119772 0.00556967 0.00607368 0.0807052 0.0150868 
0.0706805 0.0221114 0.804266 0.0294439 0.0129805 0.0347418 0.00104944 0.00115039 0.0128306 0.0107458 
0.0265902 0.0136755 0.0322487 0.0174827 0.823926 0.044606 0.0155167 0.00389372 0.00454573 0.0175151 
0.106058 0.00937497 0.708395 0.030795 0.0155726 0.0926342 0.00194023 0.0023421 0.0124435 0.0204442 
0.688313 0.00930005 0.0959977 0.0358733 0.0216123 0.0643944 0.00684531 0.0155209 0.00685473 0.0552882 
0.0421393 0.00539385 0.344782 0.529362 0.0179988 0.0412985 0.00242861 0.00223661 0.0046074 0.00975237 
0.0157975 0.000476342 0.00162539 0.000808519 0.00150719 0.00980602 0.00440687 0.948119 0.000245964 0.0172069 
0.121838 0.0120765 0.535961 0.0519663 0.0246355 0.201005 0.00490373 0.00470824 0.0122579 0.0306484 
0.108111 0.0131334 0.701004 0.0688406 0.0160311 0.0613883 0.00198549 0.00232839 0.0111992 0.0159789 
0.221517 0.0115348 0.456369 0.0492779 0.024248 0.169148 0.00623251 0.012945 0.0114318 0.0372952 
0.0967457 0.335316 0.0783329 0.0381839 0.0538994 0.334911 0.0134848 0.010613 0.0174769 0.0210366 
0.0397042 0.0124525 0.0327081 0.01727 0.56644 0.2493 0.0116159 0.00690436 0.00609327 0.057512 
0.0507184 0.0109616 0.076785 0.0259956 0.104733 0.673431 0.00996043 0.00745643 0.0161955 0.0237635 
0.0233743 0.000998037 0.0176965 0.0170244 0.0127083 0.0226066 0.0109829 0.0165065 0.000291852 0.877811 
0.0735242 0.0019947 0.043189 0.0226928 0.015097 0.0287889 0.00851633 0.0124352 0.000777219 0.792985 
0.225306 0.0092959 0.0467851 0.020914 0.0360341 0.586012 0.0113919 0.0145304 0.0109851 0.0387449 
0.0715376 0.00621536 0.117917 0.00774184 0.00877454 0.0337358 0.0020207 0.00256177 0.747236 0.00225922 
0.0343483 0.00993241 0.0257695 0.012912 0.406301 0.462169 0.0103637 0.00632222 0.0079176 0.0239647 
0.0217971 0.000626095 0.00230393 0.00115283 0.00202609 0.0137023 0.00477819 0.930692 0.000332487 0.022589 
0.017479 0.000506462 0.0018225 0.000931713 0.00169075 0.0104193 0.00381661 0.939286 0.000255993 0.0237913 
0.0225618 0.0161981 0.0222705 0.016678 0.87121 0.0256885 0.00671077 0.00230805 0.00692724 0.00944684 
0.0159478 0.000467343 0.00157387 0.000772306 0.00146652 0.00967372 0.00344066 0.949169 0.000240999 0.0172483 
0.190383 0.0124024 0.116626 0.0450841 0.0622749 0.5021 0.00980736 0.0110093 0.0135599 0.0367536 
0.0366189 0.00193805 0.0432361 0.0705125 0.017737 0.0339709 0.011668 0.0117362 0.000746252 0.771836 
0.0733633 0.00733505 0.0619474 0.0835627 0.0851643 0.324992 0.0174057 0.0281227 0.00437438 0.313732 
0.112093 0.0129281 0.147434 0.0166206 0.028331 0.623088 0.00711007 0.00787551 0.0181646 0.0263545 
0.0217401 0.015296 0.0217401 0.0170177 0.866435 0.030347 0.0073542 0.00249798 0.0048521 0.0127194 
0.0392301 0.00716589 0.0572316 0.0153941 0.0280566 0.767784 0.0163882 0.0107659 0.0107145 0.0472692 
0.0165962 0.000479256 0.00163199 0.000812034 0.00151952 0.00983828 0.00359318 0.947021 0.00024629 0.0182623 
0.136814 0.0376633 0.644363 0.0194186 0.012556 0.0394898 0.00200607 0.00260611 0.0961042 0.00897884 
0.0618162 0.0130476 0.718997 0.0222953 0.0948688 0.0595124 0.00171891 0.00147499 0.0128476 0.0134211 
0.02641 0.00102042 0.0178809 0.0192602 0.0132644 0.0213634 0.010462 0.015218 0.00028943 0.874831 
0.0330917 0.00401828 0.0383125 0.00520336 0.00624348 0.0194668 0.00211372 0.00308031 0.887211 0.00125858 
0.220518 0.0117718 0.127429 0.0453039 0.0513331 0.431755 0.0113706 0.0173518 0.0103277 0.0728392 
0.0294498 0.00253622 0.01574 0.0126514 0.0140421 0.0904342 0.778193 0.0152484 0.00167409 0.0400311 
0.657321 0.0173599 0.112869 0.0208063 0.0205849 0.111711 0.00670989 0.014062 0.0104745 0.0281012 
0.0301235 0.00969314 0.0420553 0.0142363 0.29309 0.555963 0.0148515 0.00615103 0.00918781 0.0246483 
0.0584625 0.0091358 0.776543 0.0252156 0.0132209 0.0843267 0.00142423 0.00149628 0.0135392 0.0166361 
0.0159391 0.000466312 0.00157075 0.000770859 0.00146278 0.00964405 0.0034435 0.949197 0.00024042 0.0172651 
0.197558 0.0183326 0.524786 0.037036 0.027774 0.145679 0.00389308 0.00488994 0.016437 0.0236147 
0.0632369 0.0549048 0.134614 0.0196508 0.0328747 0.628193 0.0148327 0.00860035 0.0172741 0.0258184 
0.125725 0.0117015 0.56018 0.0422215 0.0260492 0.176275 0.00415973 0.00469193 0.0139316 0.0350654 
0.121106 0.0123088 0.698625 0.0258664 0.0212208 0.0731842 0.00192182 0.00229379 0.0295645 0.0139087 
0.0445242 0.00377369 0.0311557 0.807293 0.0440518 0.0370789 0.0109022 0.00873528 0.00132339 0.0111618 
0.0271955 0.00114578 0.0182597 0.017046 0.0181194 0.0215678 0.00987605 0.0145984 0.000327822 0.871863 
0.0662625 0.478083 0.360076 0.0221664 0.0118407 0.0334478 0.00267517 0.00260528 0.0144331 0.00841034 
0.0601656 0.0141576 0.7905 0.0358188 0.0136855 0.0578458 0.00120461 0.00127615 0.0127596 0.0125867 
0.421035 0.00257787 0.00818923 0.00414849 0.00591509 0.0229741 0.00571637 0.5025 0.00143567 0.0255077 
0.0544463 0.0100584 0.560125 0.0929626 0.0272385 0.208449 0.00324275 0.00301762 0.0252502 0.0152089 
0.113449 0.153143 0.650514 0.0185092 0.0104133 0.023694 0.00166543 0.00198485 0.0162057 0.0104222 
0.0658268 0.0181161 0.44288 0.0801474 0.269592 0.0680751 0.00424234 0.00309113 0.034279 0.0137506 
0.0203695 0.000648397 0.00246478 0.00127466 0.00224396 0.0145283 0.00454007 0.922903 0.000330027 0.0306973 
0.179522 0.00871022 0.0695672 0.353325 0.0983186 0.136532 0.0177383 0.017008 0.00462688 0.114652 
0.624615 0.0038205 0.0118734 0.00626119 0.00824466 0.0250099 0.00628962 0.284023 0.00218838 0.0276745 
0.0237277 0.00101731 0.0082237 0.00197632 0.00309016 0.0238421 0.00411254 0.904049 0.00066403 0.0292971 
0.0236384 0.00063867 0.00232926 0.00118574 0.0020196 0.0130706 0.0039367 0.931589 0.000334259 0.021258 
0.144671 0.14023 0.615344 0.0227969 0.0125887 0.0341291 0.00208599 0.00254787 0.0139018 0.0117041 
0.0467189 0.00354367 0.0207734 0.00743431 0.00937896 0.178525 0.00907234 0.67535 0.00237005 0.0468338 
0.0338183 0.0121874 0.0286395 0.0210895 0.767677 0.0847733 0.0140846 0.00466698 0.00482217 0.0282413 
0.747837 0.0112165 0.0277199 0.0198319 0.0297228 0.0381549 0.00931215 0.0435481 0.0042659 0.0683905 
0.0160485 0.000473582 0.0015969 0.000785713 0.0014876 0.00989543 0.00365705 0.948739 0.000245656 0.0170702 
0.0327365 0.00138915 0.0185516 0.0221535 0.0155299 0.0273008 0.0122799 0.0219468 0.000445205 0.847667 
0.0429834 0.0034885 0.036445 0.788563 0.0378502 0.0432236 0.00980139 0.00866525 0.00137074 0.0276088 
0.0169009 0.00048838 0.00166428 0.000817938 0.00153506 0.0101283 0.00350332 0.946746 0.000252987 0.0179624 
0.0750386 0.0111245 0.452111 0.0832111 0.0262532 0.310196 0.00420422 0.0040739 0.0135594 0.020228 
0.0479883 0.00902722 0.836608 0.0240176 0.0106974 0.0442951 0.00075777 0.000794379 0.0140392 0.0117753 
0.091664 0.0104877 0.126215 0.0097785 0.0101111 0.0393204 0.00243147 0.00311618 0.703846 0.00302978 
0.769257 0.00995974 0.03392 0.0187636 0.0223849 0.0481699 0.00971077 0.0394124 0.00625466 0.0421667 
0.203719 0.00494272 0.0312843 0.0185021 0.0255136 0.129382 0.0200569 0.179981 0.00269513 0.383923 
0.219015 0.0104021 0.0753672 0.0989961 0.120794 0.107729 0.0151193 0.0197189 0.00456942 0.328289 
0.0192549 0.000570619 0.0021475 0.00109008 0.00194389 0.0117937 0.00430026 0.928589 0.000288374 0.0300217 
0.0330972 0.00425259 0.0420353 0.0115709 0.0187365 0.657486 0.0124156 0.0332122 0.00468708 0.182507 
0.114122 0.747158 0.0766774 0.0152199 0.00788997 0.0160323 0.00370046 0.00432015 0.00800012 0.00687943 
0.474933 0.0107163 0.113413 0.0682751 0.0301365 0.223854 0.0100718 0.0197229 0.00969599 0.039182 
0.0497701 0.00929432 0.276372 0.0230355 0.0303064 0.532721 0.00641513 0.00613531 0.0315826 0.0343673 
0.0777956 0.0113883 0.773367 0.0428312 0.0156242 0.0502311 0.00130887 0.00146886 0.0125153 0.0134694 
0.0841507 0.00769265 0.141137 0.0384265 0.0275184 0.525265 0.012313 0.0141974 0.00782907 0.14147 
0.0174976 0.000503958 0.00174291 0.000855518 0.00160014 0.0104552 0.00363003 0.944523 0.000260728 0.0189308 
0.70268 0.0103666 0.0348354 0.0163624 0.0213256 0.135758 0.0091478 0.0268999 0.0120534 0.0305708 
0.0224805 0.000985348 0.0171231 0.0216106 0.0137978 0.0210479 0.0107194 0.0157079 0.000276412 0.876251 
0.0163357 0.000488891 0.00174146 0.000878101 0.00161403 0.0102276 0.00372601 0.942141 0.000247625 0.0225997 
0.0841433 0.253465 0.095685 0.0193894 0.112004 0.0411478 0.0065398 0.0054427 0.375829 0.00635413 
0.152441 0.0775678 0.42721 0.0234723 0.0341228 0.230634 0.00515199 0.00556653 0.0223033 0.0215313 
0.117819 0.0351374 0.158351 0.600556 0.0237781 0.0367364 0.00497133 0.00531163 0.00554895 0.0117909 
0.0293192 0.0014568 0.0247415 0.0141487 0.0125821 0.043082 0.00998101 0.0279027 0.000595967 0.83619 
0.0403008 0.00903486 0.0502343 0.0118064 0.0346665 0.783139 0.0119307 0.0107435 0.0150129 0.0331313 
0.085383 0.0102314 0.562904 0.041252 0.0208132 0.239089 0.00306348 0.00323809 0.0135848 0.0204409 
0.0166658 0.000499474 0.00172888 0.00086129 0.00160538 0.0104583 0.00368487 0.945026 0.000257035 0.0192129 
0.105834 0.0854615 0.720425 0.0194397 0.0113649 0.0298875 0.00147832 0.00174185 0.0134027 0.0109641 
0.0173159 0.000520968 0.00207271 0.00107936 0.00187868 0.0108417 0.00400007 0.925134 0.000254986 0.0369017 
0.0177859 0.000539223 0.00201612 0.00108102 0.00186081 0.0113457 0.0041709 0.933798 0.000271459 0.0271313 
0.0579271 0.00834241 0.0345262 0.0145957 0.0487954 0.713249 0.013102 0.0127493 0.00940813 0.0873046 
0.0814036 0.049844 0.657241 0.019521 0.0161351 0.139824 0.00239825 0.00254397 0.0157618 0.0153275 
0.675245 0.00859071 0.05958 0.0213667 0.020101 0.0511098 0.00792905 0.0207401 0.00481375 0.130523 
0.0301104 0.000697677 0.00249754 0.0012023 0.00214837 0.0139378 0.00407328 0.924439 0.00037976 0.0205134 
0.0841638 0.0064126 0.22885 0.0802571 0.0302653 0.151625 0.0103647 0.0112645 0.00436507 0.392432 
0.134737 0.00978502 0.27712 0.0354186 0.0269226 0.414891 0.00751434 0.0105185 0.0123121 0.070782 
0.20831 0.00864869 0.0380184 0.0144051 0.0238272 0.612291 0.0120846 0.0210753 0.00934368 0.0519962 
0.106892 0.010327 0.565015 0.113134 0.0295638 0.122277 0.0038429 0.00420541 0.0096935 0.0350491 
0.0764418 0.0455325 0.782379 0.0211441 0.0114333 0.0362161 0.00120941 0.00133289 0.013907 0.0104038 
0.41804 0.0515784 0.161606 0.0250651 0.0243849 0.248173 0.00834159 0.0117654 0.0243749 0.02667 
0.0379862 0.0119307 0.0805281 0.022049 0.388234 0.409155 0.00864 0.00526939 0.0100437 0.0261638 
0.0611521 0.00909187 0.77358 0.0499083 0.0178811 0.0606403 0.00133405 0.00135959 0.011338 0.0137148 
0.29585 0.0139066 0.0425076 0.024991 0.0606485 0.286375 0.0572819 0.0772072 0.00657304 0.134659 
0.0196319 0.000521041 0.00180628 0.000900655 0.00165694 0.01038 0.00363777 0.940637 0.00026727 0.0205616 
0.0541906 0.00176882 0.0214597 0.0195793 0.0165441 0.0504483 0.0130973 0.0178691 0.000694458 0.804348 
0.203775 0.0136043 0.193909 0.088054 0.0463322 0.388691 0.00879763 0.010866 0.0133999 0.0325716 
0.0412839 0.00415921 0.0806588 0.776393 0.0328295 0.0401811 0.00661431 0.00545559 0.00203199 0.0103928 
0.419308 0.0775728 0.376164 0.0225532 0.0184081 0.0459206 0.00346926 0.00547189 0.012595 0.0185365 
0.458403 0.00364497 0.0237745 0.0177477 0.0157875 0.0302588 0.0092484 0.0322413 0.0015609 0.407332 
0.244447 0.0204429 0.19714 0.0586502 0.0881437 0.264938 0.0109086 0.0129077 0.0117693 0.0906529 
0.0654101 0.0102462 0.43162 0.0262056 0.0306932 0.391297 0.00377392 0.00363353 0.0159568 0.0211635 
0.0321333 0.0090175 0.0418478 0.0122489 0.113808 0.723228 0.0127606 0.00896366 0.0107469 0.0352447 
0.0408562 0.00212667 0.036503 0.117503 0.0204748 0.0386717 0.0135783 0.0123771 0.000810778 0.717098 
0.0708788 0.0136233 0.457326 0.021309 0.0329505 0.352304 0.00730639 0.00397904 0.0187498 0.021574 
0.0499399 0.00366314 0.0319121 0.0141176 0.0209779 0.318 0.014887 0.0989673 0.00304065 0.444495 
0.0599495 0.00910085 0.728732 0.0622632 0.0154353 0.09483 0.0017252 0.00172971 0.0116369 0.0145969 
0.0548517 0.0121553 0.786308 0.0613496 0.0155857 0.0438628 0.00118239 0.0011897 0.0127548 0.0107602 
0.0487355 0.0108622 0.843299 0.0286899 0.0103163 0.0329228 0.000678896 0.000720163 0.0137419 0.0100335 
0.0740581 0.00727879 0.618418 0.193344 0.0196451 0.0469078 0.00281673 0.00264241 0.00682031 0.0280686 
0.220718 0.00233166 0.0101577 0.00577257 0.00752516 0.0337003 0.00928003 0.641118 0.00128613 0.068111 
0.430008 0.0109871 0.047815 0.208518 0.117982 0.113945 0.0129397 0.0157169 0.00626699 0.0358209 
0.377107 0.0203457 0.0531551 0.0415283 0.196457 0.237195 0.0173165 0.01474 0.0105703 0.0315857 
0.0188881 0.000546731 0.00196218 0.00094569 0.00176579 0.0114024 0.00371213 0.940767 0.000286494 0.0197235 
0.0384939 0.0023153 0.0121936 0.00939935 0.0386554 0.0322661 0.040705 0.506678 0.000925687 0.318368 
0.116179 0.0100663 0.661362 0.0434996 0.0227103 0.104304 0.00247034 0.00289376 0.0117733 0.0247415 
0.264472 0.0194215 0.460822 0.0751674 0.0256568 0.109333 0.00411384 0.00544734 0.0145901 0.0209763 
0.0618066 0.0155849 0.270602 0.0367609 0.123983 0.436476 0.0101537 0.0052681 0.0143969 0.0249682 
0.0761573 0.00898778 0.35826 0.425779 0.0464611 0.0559704 0.0037672 0.00338714 0.00622254 0.0150075 
0.362578 0.0128464 0.327632 0.0256966 0.0230441 0.183465 0.00511209 0.00790846 0.0152193 0.036498 
0.0302688 0.00801282 0.0318193 0.010644 0.02826 0.805578 0.0178321 0.0139398 0.0168541 0.0367908 
0.088543 0.0174553 0.213142 0.020916 0.0358802 0.563542 0.00712834 0.00860846 0.0153273 0.0294575 
0.0436418 0.0108219 0.0566694 0.0408142 0.033275 0.734316 0.0290303 0.010529 0.00992778 0.0309751 
0.0320955 0.00115812 0.00549151 0.00269875 0.00434226 0.0372034 0.00615665 0.856791 0.00066735 0.0533951 
0.152793 0.00715701 0.211893 0.0434119 0.0289725 0.176982 0.0108515 0.013786 0.00541523 0.348737 
0.0265683 0.00143998 0.0181224 0.0419 0.0157642 0.0344647 0.0112432 0.0282091 0.00048177 0.821806 
0.0241808 0.0149615 0.034599 0.0165613 0.829785 0.0531114 0.00646741 0.00254273 0.00594328 0.0118472 
0.39272 0.0116728 0.108601 0.025482 0.0363443 0.339464 0.0122662 0.0185786 0.0118765 0.0429952 
0.0675863 0.010645 0.779108 0.0402202 0.0143181 0.0582691 0.00132468 0.00142906 0.0115625 0.015537 
0.046897 0.00457405 0.444867 0.044514 0.0190596 0.0486501 0.00422456 0.00469817 0.0031704 0.379345 
0.0409988 0.00253248 0.0306043 0.492394 0.0236026 0.0471282 0.0110136 0.0114281 0.000941587 0.339356 
0.0214274 0.000534034 0.00180563 0.000887393 0.00164687 0.0103859 0.00360058 0.94125 0.000277065 0.0181853 
0.308518 0.0116141 0.282296 0.0185551 0.0185853 0.0972829 0.00462536 0.00913137 0.234592 0.0148003 
0.102988 0.00584736 0.0297636 0.0202103 0.041657 0.164211 0.0166579 0.466098 0.00324754 0.149319 
0.053299 0.0113862 0.0316453 0.01735 0.236379 0.590639 0.0129258 0.00891848 0.00955489 0.0279026 
0.0162301 0.000503021 0.00177478 0.000893264 0.00170235 0.0103207 0.00412785 0.942523 0.000254135 0.0216707 
0.0178685 0.00052794 0.00193716 0.00100595 0.00177409 0.0107116 0.00504666 0.937034 0.000267749 0.023826 
0.0162365 0.000482202 0.00165168 0.000818958 0.00152963 0.0101006 0.00352392 0.947599 0.000249846 0.0178075 
0.035216 0.00447478 0.0575145 0.0058143 0.00604646 0.0171403 0.00185973 0.00213118 0.868866 0.000937029 
0.138321 0.00919629 0.034884 0.0150724 0.0275539 0.700637 0.0127023 0.0169979 0.0123432 0.0322915 
0.184171 0.0163143 0.123686 0.0694986 0.166751 0.362669 0.0131588 0.011094 0.0124903 0.0401668 
0.0366665 0.0174105 0.0394304 0.0189778 0.552609 0.289448 0.00970253 0.00546273 0.00794545 0.0223466 
0.0220463 0.000995868 0.0160315 0.0175417 0.0135697 0.0213686 0.013029 0.0194638 0.000291762 0.875662 
0.482113 0.0153068 0.0475735 0.0441184 0.0521166 0.195661 0.0179347 0.0585623 0.00692897 0.079685 
0.0564926 0.00934705 0.708214 0.0421069 0.0156377 0.136034 0.00182972 0.00183868 0.0126572 0.0158423 
0.0916182 0.0108481 0.589744 0.0568709 0.0257402 0.186828 0.0029843 0.00312996 0.0130826 0.0191542 
0.14373 0.0136664 0.562589 0.0503726 0.0200154 0.156324 0.0033647 0.00401454 0.0274816 0.0184431 
0.0858997 0.00923711 0.225936 0.0183406 0.0257634 0.557442 0.0125298 0.0090039 0.0120907 0.0437569 
0.0550421 0.0102094 0.752839 0.0514632 0.0206478 0.0805668 0.00151695 0.00149498 0.0134354 0.0127841 
0.0524496 0.0178879 0.263792 0.0163294 0.0522124 0.549344 0.00537523 0.0045567 0.0160896 0.0219629 
0.0750087 0.234328 0.590129 0.0173486 0.0115975 0.0424699 0.00202373 0.00211453 0.0150283 0.00995152 
0.0689986 0.0207263 0.818164 0.0217016 0.0105869 0.0334275 0.000883724 0.000996957 0.0141355 0.0103791 
0.0456507 0.00634742 0.035607 0.578909 0.196309 0.0848789 0.02145 0.00727603 0.00299415 0.0205777 
0.0847827 0.00273228 0.0243574 0.0343961 0.0422363 0.032327 0.0114498 0.0177279 0.000906221 0.749084 
0.0215883 0.00093642 0.0170325 0.01838 0.0128322 0.0206598 0.0113367 0.0152832 0.00025989 0.881691 
0.0161002 0.000478117 0.00163034 0.000802928 0.00151104 0.0100238 0.00353117 0.947975 0.00024735 0.0176999 
0.0726033 0.0282923 0.127857 0.0296353 0.641324 0.0649443 0.00589852 0.00376663 0.00892675 0.0167514 
0.0624436 0.010795 0.79971 0.0330205 0.0123734 0.0516363 0.00105326 0.00114482 0.0166983 0.0111252 
0.0168096 0.000495485 0.00171026 0.000849148 0.0015803 0.010365 0.00356443 0.945954 0.000256411 0.0184156 
0.0477871 0.000748665 0.00249623 0.00124449 0.0021731 0.0120214 0.00399834 0.90945 0.000395755 0.0196845 
0.0412376 0.00982981 0.0555207 0.0181251 0.134903 0.682579 0.0108311 0.00758525 0.0117978 0.0275909 
0.0295118 0.0159906 0.0497736 0.017833 0.808496 0.0493151 0.00556817 0.00254498 0.0107547 0.0102124 
0.693595 0.0046761 0.0149571 0.00809936 0.0101612 0.027224 0.00687649 0.199001 0.00274353 0.0326662 
0.0433799 0.0269509 0.105368 0.0199177 0.65389 0.116286 0.00581572 0.0033749 0.0100342 0.0149834 
0.0230282 0.0116779 0.0205113 0.0171073 0.840194 0.042335 0.0101115 0.00338743 0.00384146 0.027806 
0.0164551 0.000486571 0.00168594 0.000833717 0.00155821 0.0101119 0.00367611 0.945852 0.000250274 0.0190905 
0.0193449 0.000589719 0.00211879 0.00101466 0.0018796 0.0142767 0.00403733 0.935857 0.000320524 0.0205603 
0.0560632 0.00949075 0.519918 0.0212888 0.0192591 0.329117 0.00304351 0.00323672 0.0164259 0.0221571 
0.0161879 0.000472743 0.0016043 0.000790818 0.00148919 0.00976187 0.00347329 0.948364 0.000243736 0.0176124 
0.0307743 0.00206905 0.019908 0.0149608 0.0149232 0.0877778 0.154538 0.0148512 0.000939097 0.659259 
0.0674213 0.00800185 0.0791814 0.0107663 0.0161261 0.237401 0.00478225 0.00591516 0.56399 0.00641409 
0.0699576 0.00964746 0.0890643 0.0365381 0.0336396 0.0628114 0.00463777 0.00443295 0.684942 0.00432874 
0.0669478 0.00675891 0.779891 0.0206026 0.0123719 0.0354537 0.0014161 0.00177225 0.00759552 0.0671902 
0.448375 0.00264483 0.00864933 0.00444619 0.00640815 0.0251466 0.00655855 0.469949 0.0016045 0.0262177 
0.0462017 0.0105876 0.853847 0.0204979 0.00969126 0.0331726 0.000603069 0.000642994 0.0143221 0.0104336 
0.0216858 0.000930857 0.016859 0.0171227 0.0125135 0.0207819 0.0105283 0.0165271 0.000260816 0.88279 
0.0168018 0.000496971 0.00181506 0.000919595 0.00167404 0.0102936 0.00381275 0.938895 0.00025005 0.0250415 
0.0822247 0.00827528 0.159392 0.0719108 0.0324085 0.504219 0.0114571 0.0111875 0.00836697 0.110558 
0.0891978 0.0114243 0.62433 0.0786537 0.0237218 0.13672 0.00278799 0.0028781 0.0123603 0.0179258 
0.0176363 0.00049128 0.00165785 0.000820583 0.00154474 0.00992381 0.00372825 0.94631 0.000253705 0.0176338 
0.0733981 0.0115682 0.767514 0.0189647 0.0175045 0.0806789 0.00126667 0.00136489 0.0144544 0.0132859 
0.0974031 0.0132972 0.149902 0.278445 0.0603891 0.344831 0.010552 0.0089232 0.00937757 0.0268802 
0.0267192 0.0139156 0.0241823 0.018735 0.838376 0.0478341 0.00934252 0.00294072 0.00526115 0.0126938 
0.0162788 0.000474735 0.00161329 0.000798177 0.00150464 0.00977501 0.00348457 0.947615 0.00024366 0.0182119 
0.0663739 0.0192723 0.566347 0.0259848 0.0386646 0.240681 0.00409388 0.0031421 0.0156973 0.0197431 
0.661838 0.0104588 0.0798151 0.0232741 0.024196 0.130584 0.00747128 0.017249 0.00944603 0.0356677 
0.189823 0.0394336 0.668552 0.0193425 0.0123249 0.0384967 0.00170985 0.00237816 0.0144151 0.0135234 
0.507631 0.00307817 0.0133442 0.00848573 0.0100489 0.0267856 0.00810868 0.304726 0.00155004 0.116242 
0.0375575 0.0110655 0.077292 0.0159197 0.216782 0.587603 0.0129716 0.00591025 0.0114199 0.0234787 
0.0731258 0.0106857 0.0915772 0.0140661 0.0281677 0.716471 0.00849041 0.0083824 0.0249246 0.0241092 
0.0723438 0.00877291 0.115777 0.0192766 0.0220404 0.698225 0.00826492 0.00836352 0.0177232 0.0292124 
0.446741 0.0143176 0.197779 0.0348424 0.0424503 0.199982 0.00692921 0.0104341 0.0129456 0.0335799 
0.0162478 0.000471102 0.00158847 0.000779554 0.00147739 0.00971968 0.00348102 0.948592 0.000242957 0.0174004 
0.0732389 0.0188778 0.429178 0.0318024 0.0245899 0.35593 0.00512783 0.00556182 0.0142302 0.0414628 
0.320668 0.0169959 0.241445 0.0616422 0.0441297 0.227167 0.00932725 0.0114618 0.0121556 0.0550069 
0.462394 0.0095051 0.0414257 0.0136907 0.02099 0.381962 0.00904132 0.0171247 0.0188525 0.025014 
0.0325885 0.0018531 0.0266505 0.194143 0.0223047 0.0355695 0.0107139 0.0123751 0.000644523 0.663157 
0.257979 0.00946869 0.0608169 0.0400115 0.0516082 0.333347 0.0458727 0.0303339 0.0068481 0.163713 
0.017356 0.000545652 0.00191855 0.000986493 0.00175332 0.0109735 0.00898729 0.939753 0.000283934 0.0174426 
0.0772702 0.009619 0.697525 0.019613 0.0145177 0.142882 0.00182834 0.0021158 0.0178865 0.0167428 
0.0295637 0.000932515 0.00393853 0.0033401 0.00438965 0.01734 0.00735945 0.884988 0.000450332 0.0476976 
0.120679 0.564308 0.228649 0.0162572 0.010331 0.0285604 0.00316589 0.00361888 0.0159152 0.00851546 
0.131842 0.0100265 0.0427744 0.0183453 0.0966677 0.619635 0.0134875 0.0130739 0.0102294 0.0439181 
0.0132045 0.00216008 0.0118627 0.0108622 0.0267407 0.0212697 0.896002 0.00525926 0.00111791 0.0115214 
0.0568541 0.00975879 0.794916 0.0417313 0.0154655 0.0543037 0.00114538 0.00115361 0.0129503 0.0117215 
0.0824778 0.0103018 0.1891 0.0158572 0.0254318 0.623022 0.00604214 0.0062632 0.016683 0.0248214 
0.188089 0.0205914 0.509665 0.0837026 0.0367835 0.113376 0.00442396 0.00514324 0.0135749 0.0246504 
0.0162276 0.000475237 0.00160388 0.000789536 0.00149665 0.00981304 0.0034931 0.948236 0.000244554 0.0176208 
0.0436584 0.00583246 0.0426919 0.00737827 0.0118651 0.10512 0.00363305 0.00373092 0.773689 0.00240098 
0.0235784 0.0124334 0.0215594 0.0165666 0.774412 0.110098 0.010859 0.00399091 0.00504769 0.0214548 
0.225686 0.0191441 0.31626 0.0345247 0.024437 0.307703 0.00690787 0.0165208 0.0138428 0.0349742 
0.456691 0.0134151 0.324024 0.0206461 0.019627 0.114755 0.00403102 0.00702484 0.0139278 0.0258583 
0.141728 0.00445916 0.0261811 0.0207578 0.0417833 0.0481466 0.0112692 0.0183173 0.00137049 0.685987 
0.0450994 0.00176921 0.00974352 0.00543852 0.00723926 0.061162 0.00984999 0.756652 0.0010332 0.102013 
0.0161267 0.00047706 0.00162179 0.000799854 0.00150374 0.00998927 0.00351251 0.948133 0.000246862 0.0175895 
0.339318 0.0240075 0.14273 0.0295589 0.0345572 0.356963 0.010494 0.013177 0.0135895 0.0356048 
0.0475785 0.00990359 0.0876409 0.0133791 0.0447643 0.737889 0.00872307 0.00767885 0.014443 0.0279999 
0.0260578 0.0152155 0.0433065 0.0171515 0.827744 0.0450358 0.00574931 0.00236138 0.00626638 0.0111117 
0.173868 0.00348555 0.0294529 0.0273359 0.0312477 0.0687872 0.0139117 0.01931 0.00167615 0.630925 
0.0528762 0.00932361 0.834014 0.0251574 0.0106245 0.0413749 0.000739937 0.000796772 0.0140993 0.0109931 
0.726609 0.00517802 0.0163865 0.00928053 0.0111834 0.0280656 0.0126162 0.158739 0.00307247 0.0288699 
0.015875 0.000469785 0.00160603 0.000794923 0.00149258 0.00972567 0.00358984 0.947847 0.000241062 0.0183581 
0.364325 0.00890258 0.0633866 0.0296803 0.0340308 0.349119 0.0147353 0.0257833 0.0078064 0.102231 
0.0493909 0.00202072 0.0130177 0.0103409 0.0140742 0.035865 0.106008 0.416151 0.000878716 0.352253 
0.144813 0.0172391 0.589656 0.0255096 0.0197531 0.162994 0.00278069 0.0033596 0.0149866 0.0189087 
0.0747807 0.0146506 0.224569 0.0168593 0.022842 0.596462 0.00539492 0.00560207 0.0160196 0.0228205 
0.0212364 0.000923483 0.0171257 0.0192971 0.0130454 0.0201904 0.0103894 0.0149265 0.000252437 0.882613 
0.219475 0.00185147 0.00613802 0.00365406 0.00682035 0.0192099 0.00590685 0.70484 0.000974485 0.0311302 
0.0556118 0.0106244 0.828386 0.0215895 0.0120834 0.04389 0.000820549 0.0008873 0.0143543 0.0117533 
0.126944 0.0140827 0.515821 0.0284715 0.0482041 0.219153 0.00379837 0.00403085 0.0160956 0.0233999 
0.7415 0.00988046 0.0405471 0.0165413 0.0194066 0.0855805 0.0085316 0.0366694 0.00749324 0.0338495 
0.064948 0.00817456 0.616557 0.16548 0.0217384 0.0866727 0.00261424 0.00262289 0.00836003 0.0228324 
0.05085 0.870483 0.0422878 0.00859539 0.00494776 0.005797 0.00324263 0.00303922 0.00730601 0.00345115 
0.0877804 0.0118448 0.420762 0.32649 0.0296688 0.0887426 0.00409146 0.00388734 0.0106323 0.0161005 
0.383199 0.00498354 0.0172884 0.00843968 0.0121264 0.0697302 0.0104434 0.441519 0.00275657 0.0495134 
0.0832335 0.0282416 0.801727 0.0184808 0.010305 0.0306376 0.00100577 0.00119706 0.0128627 0.012309 
0.0961168 0.315672 0.483505 0.0434596 0.0121113 0.0237421 0.00237128 0.00255017 0.0110242 0.00944692 
0.0481168 0.00855541 0.783428 0.0343897 0.0134043 0.0813615 0.00128743 0.00132885 0.0119255 0.0162023 
0.0968092 0.00985717 0.73877 0.028899 0.0145326 0.0712737 0.00179877 0.00211808 0.0112837 0.0246578 
0.083042 0.00967759 0.731821 0.0240418 0.0138202 0.102271 0.00161194 0.00185904 0.0142082 0.0176473 
0.0446735 0.00642175 0.447744 0.396664 0.0192767 0.062721 0.00236132 0.00220669 0.00664521 0.0112862 
0.144141 0.116253 0.536245 0.0239017 0.0182927 0.119713 0.00353318 0.00407035 0.0169047 0.0169458 
0.0161602 0.000478093 0.00162421 0.000799977 0.00152113 0.00994692 0.00349451 0.94779 0.000246443 0.0179381 
0.161922 0.0121492 0.111156 0.0309608 0.0311368 0.579238 0.0093925 0.0142759 0.0140569 0.0357113 
0.0160918 0.000478371 0.00162529 0.000811242 0.00152131 0.0100305 0.00364694 0.947733 0.000247079 0.0178149 
0.0233599 0.000921161 0.00552899 0.00328897 0.00488282 0.0246767 0.00769162 0.716511 0.000424887 0.212714 
0.022387 0.00101845 0.0172563 0.033109 0.0141671 0.0215721 0.0106708 0.0151862 0.000286015 0.864347 
0.0465192 0.00392064 0.0286945 0.700968 0.0902612 0.0437657 0.0113128 0.00875097 0.00150752 0.0642989 
0.0816956 0.00952343 0.224093 0.0284909 0.030976 0.553855 0.00727826 0.00796293 0.0123393 0.0437857 
0.0232632 0.00104876 0.0185311 0.0224394 0.0141715 0.0242228 0.0111195 0.0143471 0.000308778 0.870548 
0.377393 0.00512846 0.03222 0.0529106 0.0421311 0.0512159 0.0127722 0.0303511 0.00221173 0.393666 
0.424154 0.0150061 0.293297 0.0238896 0.0243426 0.146607 0.00533534 0.00918984 0.0129286 0.0452504 
0.292672 0.0171837 0.246241 0.0213978 0.0248756 0.33004 0.00602299 0.00832301 0.0280867 0.025157 
0.025811 0.000747868 0.00301107 0.00206376 0.00302123 0.0143547 0.0048574 0.90678 0.000367045 0.0389863 
0.108013 0.0159169 0.0389058 0.0373742 0.466942 0.201631 0.0165615 0.0160771 0.00630222 0.0922764 
0.021077 0.000551029 0.00190101 0.000937252 0.00172529 0.0110426 0.00377534 0.939496 0.000287233 0.0192071 
0.0293109 0.000791681 0.00288236 0.00177984 0.0028223 0.0155306 0.00633186 0.910454 0.000397538 0.0296992 
0.0166786 0.000477336 0.00161411 0.000796542 0.00150349 0.00978411 0.00349541 0.947574 0.000245765 0.0178303 
0.0118242 0.00156887 0.0096836 0.00990358 0.0107368 0.0182996 0.919602 0.00590117 0.000850731 0.0116293 
0.0161231 0.000479522 0.00164179 0.000812676 0.0015214 0.0100345 0.00363358 0.947531 0.000247685 0.0179748 
0.0256179 0.000835319 0.00593637 0.00399455 0.00492521 0.0175863 0.00744576 0.542367 0.000340976 0.390951 
0.168695 0.00560542 0.0284334 0.0202498 0.0288996 0.19031 0.016671 0.454931 0.00372702 0.0824782 
0.0463625 0.0130063 0.0929515 0.0170055 0.0951655 0.680143 0.0094104 0.00691184 0.0134744 0.0255685 
0.0185673 0.00051333 0.00174278 0.00086021 0.00161932 0.0104057 0.00367654 0.944357 0.000266125 0.0179922 
0.0725493 0.00975131 0.679182 0.0177976 0.0146506 0.12343 0.00204075 0.00235561 0.065793 0.0124503 
0.710912 0.00826335 0.0387411 0.0156472 0.017698 0.0648518 0.00849558 0.0965083 0.0051016 0.0337813 
0.102674 0.0311525 0.177229 0.0178742 0.0255923 0.587827 0.0070729 0.00734915 0.0198027 0.0234262 
0.0274767 0.000951091 0.00472802 0.003376 0.00407199 0.0233155 0.00674369 0.8418 0.000470253 0.0870672 
0.0404757 0.000833987 0.00341617 0.00202648 0.0030805 0.0148334 0.00525162 0.878711 0.000409137 0.050962 
0.0559022 0.0164286 0.0462271 0.0183945 0.0275652 0.766227 0.0133293 0.0113533 0.0131602 0.0314126 
0.0303165 0.000889347 0.00329248 0.00157474 0.00284016 0.0302449 0.00485503 0.899065 0.000533505 0.0263882 
0.0602263 0.0156 0.8254 0.0257034 0.0107492 0.0360865 0.000850385 0.000933594 0.0138028 0.0106484 
0.0219157 0.000938756 0.0172943 0.0178832 0.013006 0.0206216 0.0108166 0.0149006 0.000259967 0.882363 
0.0418452 0.0130408 0.0322232 0.0121612 0.0259312 0.715173 0.112497 0.0117477 0.0089826 0.0263988 
0.686962 0.00463119 0.0172609 0.00888132 0.0107758 0.0309986 0.00758735 0.190717 0.00273283 0.0394529 
0.0310024 0.00212531 0.00936668 0.00417287 0.00777225 0.282125 0.00958119 0.596163 0.00176868 0.055923 
0.0158026 0.00046519 0.00156381 0.000768788 0.00146161 0.00964011 0.00343697 0.94938 0.000239619 0.017241 
0.188157 0.0013627 0.00440412 0.00226782 0.00357033 0.0154336 0.00473428 0.757267 0.00074631 0.0220571 
0.0452389 0.0116299 0.11906 0.018913 0.0950569 0.650172 0.0145177 0.00636703 0.0127982 0.0262469 
0.0175629 0.000535324 0.00197426 0.000980552 0.00176889 0.0116541 0.00409641 0.937972 0.000277418 0.0231784 
0.0201374 0.000649488 0.00308389 0.00172908 0.00269823 0.0140814 0.00498151 0.872019 0.000304411 0.0803157 
0.0408899 0.00110814 0.00457308 0.00172175 0.00295623 0.021169 0.00438839 0.900392 0.000601149 0.0222 
0.070508 0.00937752 0.051295 0.0165597 0.0384801 0.746678 0.0114978 0.0111389 0.0135567 0.0309082 
0.0678842 0.00444027 0.102403 0.0660559 0.0239653 0.0776276 0.0091305 0.0111241 0.00208011 0.635289 
0.175748 0.00876987 0.18436 0.0332688 0.0352354 0.115989 0.00954286 0.0167458 0.00505642 0.415283 
0.28807 0.0103354 0.0636972 0.0185566 0.0334859 0.476033 0.0175313 0.0182391 0.0108517 0.0632001 
0.128196 0.0136352 0.482029 0.0221787 0.0193953 0.287254 0.00348808 0.00409999 0.0185189 0.0212046 
0.117894 0.0129263 0.262288 0.066394 0.0580597 0.418516 0.00733261 0.00740622 0.0130631 0.0361203 
0.542644 0.0128283 0.144896 0.0413719 0.0334123 0.158552 0.0077095 0.0126843 0.0106391 0.035263 
0.163899 0.0386263 0.446588 0.0997228 0.0329773 0.168051 0.0058163 0.00612961 0.0137355 0.0244548 
0.0624023 0.00926541 0.137686 0.0176517 0.0306626 0.669477 0.00818629 0.00906495 0.0235736 0.03203 
0.0203202 0.000524095 0.00176901 0.000869729 0.00162085 0.0103051 0.00357151 0.942796 0.00027168 0.0179515 
0.19112 0.013684 0.0516199 0.0148174 0.02662 0.582441 0.00983837 0.0140373 0.0769479 0.0188748 
0.296909 0.582021 0.0526993 0.0122407 0.00856614 0.0154747 0.00425355 0.00635445 0.0141101 0.00737155 
0.0807694 0.0167737 0.793493 0.0281203 0.0121419 0.0412798 0.00107937 0.0012393 0.01359 0.0115128 
0.0519854 0.00717119 0.0797784 0.700979 0.0525011 0.0762374 0.00718603 0.00590151 0.00382138 0.0144384 
0.0160099 0.000469498 0.00157715 0.000775662 0.00147353 0.00968838 0.00346561 0.949171 0.000242066 0.0171269 
0.0613643 0.00626091 0.365184 0.47721 0.0194091 0.0479956 0.0026759 0.00267697 0.00503963 0.0121838 
0.163886 0.014806 0.0676644 0.0335477 0.0353827 0.611072 0.0128099 0.0132598 0.012995 0.0345758 
0.0642835 0.000888629 0.00301712 0.0015275 0.00257588 0.0135853 0.00430345 0.886005 0.000467575 0.0233457 
0.773932 0.011847 0.0366113 0.0201316 0.0220068 0.0449209 0.00908114 0.0365711 0.00768866 0.0372099 
0.09831 0.00102368 0.00332281 0.00168434 0.00281445 0.0138717 0.00446997 0.853486 0.00055041 0.0204665 
0.0815646 0.00986781 0.428686 0.263462 0.0318192 0.142054 0.00487865 0.00453482 0.00856169 0.0245712 
0.0467334 0.0083873 0.0838374 0.0488432 0.0291409 0.695447 0.0112636 0.0115777 0.00875585 0.0560137 
0.0165946 0.000492899 0.00171544 0.000841133 0.00157776 0.0103489 0.00368498 0.945571 0.000255072 0.018918 
0.43081 0.00296619 0.0109557 0.00614473 0.00842293 0.0311812 0.0084493 0.453253 0.00166813 0.0461492 
0.0169233 0.000492762 0.00168528 0.000826866 0.00154609 0.0102478 0.00358312 0.946658 0.000256421 0.0177803 
0.676025 0.00730609 0.0393116 0.0178792 0.0201867 0.0869506 0.0106477 0.0425299 0.00497193 0.0941911 
0.118967 0.0128282 0.590973 0.0279031 0.0207019 0.18033 0.00286045 0.00325204 0.0250745 0.0171096 
0.620926 0.00982618 0.0598338 0.0262353 0.0263801 0.176369 0.00939885 0.0201809 0.00855256 0.0422979 
0.0504744 0.875396 0.0247241 0.00854806 0.00618036 0.014108 0.00465093 0.00427281 0.00727972 0.00436576 
0.035431 0.010189 0.0308765 0.0168076 0.465117 0.38972 0.0128605 0.00601359 0.00752916 0.0254559 
0.0598872 0.0339357 0.81112 0.0343879 0.0103606 0.0267504 0.000970744 0.001038 0.0120665 0.009483 
0.0226659 0.000551683 0.0018618 0.000916728 0.00169087 0.0107015 0.00364149 0.939484 0.000287395 0.0181987 
0.0314866 0.00220133 0.019755 0.49926 0.0341731 0.0363441 0.0264555 0.011758 0.000747938 0.337819 
0.0559325 0.00973913 0.670854 0.0283195 0.0188137 0.17494 0.00203722 0.00205256 0.0228772 0.0144339 
0.0412135 0.00110232 0.00377955 0.00181307 0.0034699 0.0392055 0.0067337 0.879486 0.00069326 0.022503 
0.0481985 0.0105011 0.123026 0.0127924 0.0257922 0.724455 0.00723743 0.00683207 0.015616 0.0255491 
0.0402843 0.00430791 0.0302474 0.0740117 0.175488 0.0621597 0.0477843 0.013892 0.00160023 0.550224 
0.0160767 0.000491055 0.00170735 0.00085204 0.00164101 0.0100957 0.003913 0.944949 0.00025072 0.0200233 
0.373657 0.01503 0.149621 0.0518049 0.0491697 0.280515 0.0162841 0.0134348 0.0118809 0.0386038 
