set1_score: 1.000000000000
set2_score: 1.000000000000
Duration: 0
