0.00325126 0.00501466 0.953266 0.0101698 0.00246613 0.00482964 0.00417344 0.00749734 0.0047553 0.00457658 
0.00567202 0.003877 0.00721577 0.0139153 0.0603032 0.0181803 0.0058934 0.0571925 0.0133957 0.814355 
0.00207136 0.967216 0.00258593 0.00371432 0.00254137 0.00434437 0.00288372 0.0045676 0.00637527 0.00369957 
0.960563 0.00178821 0.00660262 0.00377765 0.00337036 0.00548208 0.00421682 0.00440152 0.00440589 0.00539175 
0.0052944 0.00285917 0.00865863 0.00323818 0.94614 0.00502484 0.0060249 0.00821844 0.00684364 0.00769756 
0.00968387 0.00590984 0.00969973 0.0134839 0.0100884 0.00831519 0.0122772 0.00822201 0.916344 0.00597561 
0.00395891 0.0037345 0.0102406 0.0373575 0.00745922 0.00973932 0.00465474 0.889769 0.00973886 0.023347 
0.0029409 0.00338695 0.00677005 0.00465061 0.00550829 0.00723822 0.956058 0.00283035 0.00714422 0.00347209 
0.0051273 0.00277129 0.00876068 0.00315788 0.948147 0.00497338 0.00579642 0.00834169 0.0047855 0.00813903 
0.00754937 0.00507418 0.022402 0.846974 0.0088977 0.0165797 0.00689855 0.012476 0.0590129 0.0141354 
0.00345178 0.00236215 0.00274894 0.0084489 0.0142506 0.00775955 0.00273399 0.0166464 0.0116555 0.929942 
0.0127856 0.00429352 0.933222 0.0175845 0.00301017 0.00673456 0.00437298 0.00719109 0.0056132 0.00519257 
0.00547225 0.0035508 0.00614299 0.012307 0.0257701 0.016442 0.00557879 0.0168344 0.0184376 0.889464 
0.0282785 0.0320668 0.0483556 0.0801485 0.0576736 0.510012 0.0478655 0.0432043 0.0996263 0.0527685 
0.0370628 0.0235239 0.10314 0.0889217 0.0759998 0.0750047 0.0494136 0.0783724 0.277076 0.191485 
0.00944427 0.00609465 0.0168738 0.3888 0.0107989 0.0156588 0.0096509 0.0134353 0.514743 0.0145006 
0.960347 0.00179344 0.00662531 0.00379547 0.00339208 0.0057407 0.00427781 0.00418978 0.00456437 0.00527395 
0.05585 0.00325872 0.00808203 0.0054569 0.00611571 0.00850307 0.896586 0.00386533 0.00757559 0.00470655 
0.00467239 0.00233802 0.00550511 0.0447548 0.00574175 0.906113 0.00992956 0.00450307 0.0103123 0.00612951 
0.00331151 0.00496832 0.954033 0.00980933 0.0023776 0.00478028 0.0041845 0.00739259 0.00461104 0.00453139 
0.00388501 0.00502749 0.939602 0.0149825 0.00331134 0.00631832 0.00517676 0.00828701 0.00770618 0.00570302 
0.00352211 0.00243956 0.0030025 0.00833523 0.0138978 0.00776403 0.00288112 0.0223035 0.0115355 0.924319 
0.00333059 0.0034189 0.00716168 0.00484913 0.00557494 0.00844304 0.953213 0.00296083 0.00742211 0.00362546 
0.00514678 0.0028038 0.00893941 0.00304756 0.948171 0.00508423 0.00625789 0.00815981 0.00532418 0.00706513 
0.0029396 0.0034022 0.00668627 0.00459481 0.0055343 0.00714479 0.956277 0.00282735 0.00712438 0.00346891 
0.00248402 0.0026648 0.00638787 0.00864474 0.00283514 0.00531541 0.00299396 0.956937 0.0048971 0.00683959 
0.960222 0.00180338 0.00666984 0.0038502 0.00341098 0.00565927 0.00426037 0.00424728 0.00455903 0.00531724 
0.00376819 0.00257971 0.00336608 0.00923966 0.0125686 0.00960543 0.00323892 0.0216222 0.0152456 0.918766 
0.00662906 0.0038442 0.0086312 0.00765051 0.465937 0.00669377 0.00790566 0.00805717 0.47579 0.00886151 
0.00378697 0.00491449 0.952991 0.00993618 0.00250782 0.0049534 0.00420602 0.00738582 0.0047103 0.0046075 
0.00226606 0.00268686 0.00648003 0.00869852 0.00280208 0.00525553 0.00300304 0.957195 0.00494277 0.00667027 
0.00518931 0.00281237 0.00849159 0.00336886 0.946171 0.00513988 0.00594842 0.00836536 0.00553063 0.00898234 
0.00214096 0.965732 0.00269982 0.00391334 0.00265224 0.00453627 0.00297758 0.00461935 0.00695161 0.00377659 
0.00539458 0.00327831 0.0194429 0.908148 0.00513865 0.0112756 0.00348277 0.00646982 0.0277654 0.00960355 
0.00456068 0.00408537 0.0149266 0.920775 0.00525051 0.014248 0.00349347 0.00658264 0.0159685 0.0101096 
0.00233197 0.00320526 0.00621886 0.0112225 0.00305598 0.00543352 0.00298557 0.950931 0.00524114 0.00937402 
0.957166 0.00185647 0.00767471 0.00398248 0.00358539 0.00581376 0.00428427 0.00560806 0.00454813 0.00548076 
0.0168422 0.0149687 0.0287139 0.0246282 0.451112 0.107279 0.105626 0.025701 0.201099 0.0240303 
0.00420407 0.00274478 0.00582981 0.938323 0.00466713 0.0109003 0.00247641 0.00549889 0.014933 0.0104226 
0.00356064 0.00242724 0.00291201 0.00830375 0.0131847 0.00766408 0.00284659 0.0187868 0.013592 0.926722 
0.00789459 0.00562557 0.0116194 0.68883 0.0102719 0.0172655 0.00737256 0.0101065 0.226957 0.014057 
0.00490834 0.00256716 0.00629596 0.0922447 0.00603157 0.852023 0.00847042 0.00573653 0.0124923 0.00922955 
0.00505431 0.00273412 0.0084673 0.00308197 0.947322 0.0048807 0.00566523 0.00835788 0.00478071 0.00965531 
0.441852 0.00211685 0.00551589 0.0035216 0.00368059 0.00548474 0.526688 0.00283849 0.00476279 0.00353922 
0.00350891 0.00241494 0.00294199 0.00848422 0.012706 0.00777264 0.00281953 0.0178461 0.0118293 0.929676 
0.00850759 0.00526908 0.00899158 0.0128236 0.0108847 0.00862582 0.0101705 0.010018 0.903723 0.0209862 
0.00518073 0.00279247 0.00886366 0.0031333 0.948544 0.00492015 0.00594792 0.00836395 0.00488031 0.00737366 
0.95943 0.00181368 0.00670298 0.00383559 0.0034384 0.00598072 0.00435535 0.00422875 0.00493129 0.00528293 
0.00318317 0.00344785 0.00726758 0.00524896 0.00884963 0.00764942 0.949427 0.00319827 0.00781396 0.00391386 
0.00612541 0.00531924 0.919848 0.0192126 0.00490877 0.00910054 0.00671412 0.0109527 0.0102885 0.00752988 
0.0033001 0.00497984 0.953885 0.0100193 0.00236059 0.00477664 0.0041238 0.00741464 0.00460783 0.00453217 
0.00305318 0.00340564 0.00686561 0.00497217 0.00596595 0.00888451 0.952281 0.00300747 0.00774321 0.00382156 
0.00577591 0.00334449 0.00721516 0.0051502 0.00562919 0.00828452 0.950124 0.00314166 0.00749078 0.00384365 
0.00394949 0.0022114 0.00500256 0.0897705 0.00529186 0.865055 0.00864465 0.00420764 0.0100374 0.00582953 
0.00519602 0.0027942 0.00856417 0.00302431 0.948514 0.00490674 0.00590429 0.00821566 0.00560668 0.00727388 
0.00383225 0.00215714 0.00502807 0.0100728 0.0058016 0.941708 0.0143609 0.004045 0.00782281 0.00517194 
0.00702164 0.00454903 0.00837736 0.0151738 0.0564482 0.0128319 0.00702308 0.031969 0.038393 0.818213 
0.960628 0.00178533 0.00651121 0.00389626 0.00337358 0.00567786 0.00423195 0.00419687 0.00441862 0.00528081 
0.00445323 0.00298587 0.00436695 0.0106024 0.0145645 0.00960654 0.0040132 0.0185437 0.0213508 0.909513 
0.0256983 0.0192663 0.201531 0.0789428 0.0484557 0.0592931 0.0321737 0.400297 0.0584094 0.0759327 
0.00412159 0.00275486 0.00571082 0.938745 0.00441007 0.010917 0.00241518 0.0053727 0.0153863 0.0101663 
0.00514962 0.00276044 0.00854969 0.00293182 0.949938 0.00478565 0.00584621 0.008132 0.00477615 0.0071303 
0.00218751 0.963464 0.00281496 0.00394856 0.00276634 0.00459068 0.00305125 0.00482301 0.00855832 0.00379498 
0.00372188 0.0020497 0.00440791 0.00895313 0.00570797 0.946008 0.0129517 0.00381657 0.00738949 0.00499328 
0.00426901 0.00218626 0.00480766 0.0139108 0.00591487 0.939139 0.0121464 0.00415228 0.00802968 0.0054445 
0.00797376 0.00567064 0.902641 0.0239018 0.00602737 0.0108409 0.00831456 0.0127828 0.0126302 0.00921659 
0.00513273 0.0027683 0.00849947 0.003154 0.948163 0.00496014 0.00579551 0.00830021 0.00493886 0.00828775 
0.00950369 0.00633281 0.0113513 0.0171067 0.0108713 0.00931588 0.0123694 0.00915882 0.907154 0.00683592 
0.00386836 0.00261988 0.00349232 0.0101965 0.0129999 0.011796 0.00338316 0.0179601 0.0133318 0.920352 
0.0022594 0.00268105 0.00647134 0.00866976 0.00282917 0.00523245 0.00299042 0.957153 0.00492782 0.006786 
0.00295857 0.00339754 0.00667118 0.00457645 0.00659231 0.00713832 0.955231 0.00286885 0.00703186 0.00353378 
0.0622337 0.00821569 0.0316646 0.127517 0.0166137 0.64982 0.0205889 0.0175975 0.0443422 0.021407 
0.00440953 0.00517974 0.931171 0.0148928 0.00376237 0.00727245 0.00576452 0.00942207 0.011772 0.00635305 
0.00208551 0.966704 0.00268156 0.00374295 0.00256355 0.00435305 0.00290204 0.00463295 0.00664339 0.00369055 
0.00522459 0.00280106 0.00867839 0.00313016 0.948774 0.00497862 0.00591796 0.00816195 0.00482229 0.00751083 
0.00351787 0.00238603 0.00289083 0.00787285 0.020231 0.00748502 0.00282991 0.0167718 0.0114557 0.924559 
0.00332356 0.0050403 0.951096 0.0102873 0.00245968 0.00481064 0.00423205 0.00730919 0.00689484 0.00454696 
0.0740913 0.00310866 0.00835883 0.00937857 0.00617965 0.0112636 0.00479673 0.860598 0.00767961 0.0145454 
0.00441847 0.0030809 0.0144304 0.927116 0.00492085 0.0116392 0.00304096 0.00664241 0.0144173 0.0102937 
0.0330087 0.0140429 0.281297 0.0612872 0.0211726 0.0319405 0.0240714 0.0395548 0.464365 0.0292604 
0.957917 0.0018288 0.00757321 0.00421865 0.00339667 0.00619449 0.00428644 0.00451511 0.00470295 0.00536623 
0.00511559 0.00273688 0.00848453 0.00290971 0.950278 0.00471294 0.00577482 0.00797499 0.00469865 0.00731429 
0.00207278 0.967155 0.00259195 0.00368174 0.00255197 0.00445369 0.00289624 0.00451549 0.00636001 0.00372134 
0.00510895 0.00275452 0.00852866 0.00314573 0.948488 0.00503177 0.00577347 0.00825463 0.00477525 0.00813928 
0.00345071 0.00506555 0.950927 0.0106349 0.00251329 0.00499046 0.00429358 0.00749367 0.0059485 0.00468278 
0.00406507 0.00375257 0.0111467 0.0194994 0.00638275 0.0095204 0.00497414 0.900506 0.0107414 0.0294113 
0.0109174 0.00669873 0.0148747 0.0206728 0.0130134 0.0180549 0.0142584 0.0130287 0.874696 0.0137851 
0.0271518 0.0169342 0.0416742 0.163908 0.0486667 0.16435 0.0333889 0.0511351 0.109843 0.342948 
0.00606588 0.00587963 0.830948 0.0291585 0.00583427 0.0103025 0.0106044 0.0101025 0.0832631 0.00784118 
0.00371336 0.00208456 0.0044184 0.00972589 0.006057 0.9434 0.0123386 0.00415354 0.00764913 0.00645968 
0.00226449 0.00270608 0.00644336 0.00874465 0.0028259 0.00524125 0.00299251 0.956855 0.00499263 0.00693406 
0.00382351 0.0026065 0.00339326 0.00920401 0.0140893 0.00844176 0.00321185 0.0191626 0.0134498 0.922617 
0.00295131 0.00338848 0.0069715 0.00462659 0.00559194 0.00710452 0.955915 0.00285213 0.00709042 0.00350791 
0.00296315 0.00340784 0.00700563 0.00464884 0.00597036 0.0071951 0.955042 0.00287997 0.00732175 0.0035654 
0.00207863 0.966953 0.00259092 0.00370407 0.00254685 0.00434321 0.00289412 0.00457193 0.00662186 0.00369492 
0.010642 0.00622269 0.0118524 0.0188559 0.0215043 0.0752461 0.0131873 0.022543 0.710892 0.109054 
0.00510434 0.00274494 0.00855173 0.00305615 0.949037 0.00483909 0.00574839 0.00816609 0.00475568 0.00799639 
0.0031797 0.908721 0.00388293 0.00753584 0.00559586 0.00752963 0.00393984 0.00851371 0.0102548 0.0408465 
0.00220615 0.963077 0.00281782 0.00398998 0.00270372 0.00448471 0.00307184 0.00465137 0.00922815 0.00376887 
0.00348443 0.00239588 0.00284027 0.00828161 0.0131086 0.00770872 0.00278284 0.0191784 0.0112997 0.92892 
0.0020667 0.967291 0.00258436 0.00368823 0.00255558 0.00441756 0.00288513 0.00453051 0.00625741 0.00372358 
0.960524 0.0017909 0.00667182 0.00380626 0.00338822 0.00559731 0.00431259 0.00416992 0.00447055 0.00526836 
0.0051233 0.00274938 0.00841387 0.00305183 0.94911 0.00484124 0.00577732 0.00809447 0.00482776 0.00801049 
0.00380033 0.0021461 0.00459354 0.00982768 0.00594575 0.942174 0.012529 0.00426259 0.00838404 0.00633687 
0.551138 0.0132583 0.0977361 0.0829153 0.0245679 0.0753861 0.0272175 0.0338745 0.0570162 0.0368899 
0.00208882 0.966914 0.00262644 0.0037111 0.00257557 0.00452387 0.00292124 0.00454882 0.00633778 0.00375245 
0.0061184 0.00520199 0.0152689 0.011972 0.0222841 0.0168707 0.890904 0.00742645 0.0151794 0.00877422 
0.015342 0.0095595 0.0290714 0.595675 0.0304542 0.175936 0.0186583 0.021634 0.0767464 0.0269228 
0.00349951 0.00240315 0.0029019 0.00875066 0.0122986 0.00990814 0.00289114 0.018669 0.0112269 0.927451 
0.00379421 0.00213565 0.00469587 0.01136 0.0058349 0.942396 0.0127001 0.00397046 0.00790433 0.00520849 
0.958656 0.00179441 0.00641327 0.00396492 0.00347599 0.00740182 0.00433828 0.00417328 0.00449032 0.00529166 
0.00504865 0.00347942 0.00650073 0.780974 0.00551825 0.0138395 0.00395307 0.00589235 0.166197 0.00859707 
0.00225217 0.00270667 0.00649084 0.00892429 0.0027957 0.00521169 0.00297598 0.957029 0.00495026 0.00666386 
0.0168761 0.00449027 0.934243 0.00872802 0.00353451 0.00748195 0.00788312 0.00661622 0.00523397 0.00491302 
0.00523555 0.00285171 0.00912491 0.00396598 0.945389 0.00545897 0.00592131 0.0083694 0.00515125 0.00853184 
0.00300342 0.00341274 0.00681771 0.00471173 0.00556073 0.00711019 0.954174 0.0028712 0.00881356 0.00352467 
0.00226814 0.00267416 0.00643069 0.00871794 0.00283322 0.00535353 0.00299202 0.95714 0.00490061 0.0066892 
0.00206454 0.96737 0.0025808 0.00367814 0.00252025 0.00444055 0.002889 0.00450301 0.00625663 0.00369755 
0.00293016 0.00337635 0.00665382 0.00457522 0.00572386 0.00708952 0.956268 0.00282207 0.00705471 0.00350591 
0.00308124 0.00340679 0.00702806 0.00475286 0.0061739 0.00755545 0.954184 0.00294612 0.00726886 0.003603 
0.0101811 0.00988559 0.0193747 0.828372 0.0123387 0.0450483 0.0100642 0.0147048 0.030846 0.0191843 
0.00949152 0.00585694 0.00944878 0.0131968 0.00997691 0.00750416 0.0118901 0.00836983 0.917291 0.00697424 
0.00231717 0.00269756 0.00663126 0.0102753 0.00293217 0.00536663 0.00301557 0.953914 0.00518151 0.0076686 
0.959442 0.00182194 0.00695761 0.0039303 0.00344023 0.00566618 0.00431587 0.00426325 0.0048466 0.00531581 
0.0109644 0.00620385 0.0143877 0.659182 0.0139009 0.149038 0.0115194 0.0135763 0.0951733 0.0260538 
0.00668414 0.0913699 0.00815939 0.0119836 0.00764509 0.0106574 0.0130241 0.00802962 0.836213 0.00623338 
0.00457185 0.00268154 0.00558144 0.93586 0.00447528 0.0141366 0.0025274 0.00552204 0.0142285 0.0104156 
0.00395311 0.00372108 0.0165068 0.0135072 0.00485768 0.0092932 0.00518262 0.912421 0.0189664 0.0115906 
0.0652058 0.0170135 0.0848232 0.287607 0.0260974 0.0631889 0.0252002 0.0290819 0.371018 0.030764 
0.0020805 0.966869 0.00267647 0.00375442 0.00260138 0.00434991 0.00289354 0.00463058 0.00644827 0.00369561 
0.889644 0.00413887 0.01846 0.013195 0.00884706 0.0154419 0.00984561 0.0099809 0.0186777 0.0117688 
0.00572729 0.00299629 0.00998998 0.00439342 0.936361 0.0095997 0.00638016 0.00892866 0.00757753 0.00804614 
0.00325189 0.00509016 0.952913 0.0104634 0.002417 0.00484947 0.00423638 0.00734314 0.00485104 0.00458446 
0.00381963 0.0049584 0.935926 0.016963 0.00308068 0.00591368 0.00475044 0.00848782 0.0107068 0.00539397 
0.00387752 0.00261015 0.00354619 0.00906765 0.0186545 0.00892954 0.00329618 0.0188755 0.0116432 0.919499 
0.00404167 0.00331014 0.00665033 0.00460652 0.00549583 0.00819053 0.954283 0.00286125 0.00704538 0.00351545 
0.0051636 0.0028807 0.00866013 0.00367824 0.938956 0.00574848 0.0060115 0.00916842 0.00743403 0.0122988 
0.00229608 0.00266513 0.0062475 0.0085823 0.00315278 0.00534579 0.0029847 0.954665 0.0050217 0.00903891 
0.00296195 0.00339253 0.0067199 0.00461897 0.00567618 0.00704439 0.956077 0.00286511 0.00714526 0.00349886 
0.071058 0.0154911 0.0302321 0.0353618 0.0307679 0.347301 0.300209 0.021601 0.122515 0.0254635 
0.00371525 0.00208788 0.00447185 0.00965085 0.0057145 0.944421 0.0127471 0.004018 0.00763176 0.00554226 
0.00376673 0.00217215 0.00463503 0.011767 0.00564321 0.942033 0.0125836 0.00386215 0.00850779 0.00502907 
0.00229712 0.00268136 0.00625411 0.00882089 0.00298153 0.00534935 0.00299186 0.954082 0.00512341 0.00941868 
0.0032881 0.00500572 0.949898 0.013248 0.00245054 0.00494265 0.00409691 0.00737283 0.00501996 0.00467756 
0.00337401 0.00488206 0.947342 0.0120065 0.00264059 0.00524413 0.00426632 0.0100547 0.00509669 0.00509349 
0.00413766 0.0023663 0.00566231 0.0108466 0.00689133 0.937611 0.0128702 0.00454795 0.0091021 0.00596432 
0.00351651 0.00241086 0.00296059 0.00883145 0.0128351 0.00776473 0.00279666 0.0172384 0.0117632 0.929882 
0.00211412 0.966706 0.00277291 0.00382838 0.00255515 0.00436524 0.0029249 0.00452437 0.00651978 0.00368899 
0.959364 0.00179046 0.00650788 0.00379613 0.00340043 0.00681148 0.0043409 0.00418745 0.00454511 0.00525599 
0.00474042 0.00290763 0.00644131 0.0131374 0.00945442 0.907935 0.011709 0.00570441 0.0301767 0.007794 
0.00317899 0.00346008 0.00733976 0.00502728 0.0111763 0.00782972 0.946328 0.00335579 0.00828994 0.00401449 
0.00404748 0.00271193 0.00561236 0.940397 0.00437542 0.0102101 0.00235823 0.00534971 0.0148636 0.0100746 
0.00470361 0.00354806 0.00701422 0.927497 0.00567891 0.0126421 0.00326527 0.006477 0.01834 0.0108339 
0.00358238 0.00244144 0.00297575 0.00831657 0.0152823 0.00782725 0.0028931 0.0180368 0.0117153 0.926929 
0.00234644 0.00267796 0.00646271 0.00877349 0.00284156 0.00531844 0.00300194 0.957088 0.0049128 0.00657639 
0.00302625 0.00339588 0.00697503 0.0047129 0.00556234 0.0076267 0.95505 0.00288293 0.0072281 0.00354015 
0.00369647 0.00205016 0.00438587 0.00907318 0.00565236 0.94588 0.012989 0.00379998 0.00750308 0.00496977 
0.00339877 0.00494748 0.951621 0.0109703 0.00248888 0.00494449 0.00419039 0.00771197 0.00505242 0.00467421 
0.00940902 0.00641363 0.00942144 0.0177248 0.00996468 0.0102632 0.0109664 0.00830455 0.909267 0.00826559 
0.00322067 0.004985 0.953764 0.0101895 0.00236179 0.0047747 0.00412056 0.00735397 0.00470167 0.00452868 
0.00328071 0.00497495 0.953622 0.010031 0.00239891 0.0048288 0.00417525 0.00744658 0.00467537 0.0045669 
0.00452477 0.00265829 0.00630667 0.00466353 0.834746 0.00624308 0.00474371 0.0127528 0.00693558 0.116426 
0.0196656 0.012844 0.0454684 0.0363986 0.278083 0.0519324 0.0345 0.0364749 0.437141 0.0474923 
0.0126361 0.00789202 0.0178294 0.0223779 0.563829 0.0197919 0.0138544 0.0284671 0.0796152 0.233707 
0.00226712 0.00267439 0.00637561 0.00869203 0.00285449 0.00525673 0.00298424 0.956286 0.00500773 0.00760205 
0.00233636 0.00267449 0.00643224 0.00853668 0.00333153 0.00527548 0.00301575 0.956873 0.00490885 0.00661605 
0.00436174 0.00475607 0.933525 0.0105813 0.005276 0.00579992 0.00497618 0.00827066 0.0120467 0.0104064 
0.00803333 0.00587559 0.0105166 0.0211426 0.0732327 0.0198099 0.00839928 0.0398255 0.0237338 0.789431 
0.00297657 0.00339114 0.00764405 0.00485114 0.00619558 0.00705327 0.953495 0.00358361 0.00709781 0.00371142 
0.957142 0.00180259 0.00645776 0.00403631 0.00346908 0.00864308 0.0044203 0.00417639 0.00455771 0.00529462 
0.00921221 0.00546577 0.0146827 0.0166921 0.807223 0.0154935 0.0104518 0.0186586 0.0175559 0.0845645 
0.0107839 0.00660488 0.0146355 0.0186474 0.0151182 0.0143203 0.0138647 0.0126826 0.880928 0.0124149 
0.00484876 0.0037348 0.00535735 0.0201138 0.0133884 0.0128947 0.00457305 0.0247197 0.0175959 0.892773 
0.00374375 0.003485 0.00760352 0.00681885 0.00717588 0.00802841 0.943196 0.00332987 0.0123878 0.00423057 
0.00300197 0.00347276 0.00664274 0.0045974 0.0055667 0.00779161 0.955514 0.00282482 0.00712028 0.00346747 
0.958839 0.00178903 0.0064023 0.00386172 0.00341081 0.00734324 0.00435719 0.00418205 0.00453922 0.00527558 
0.0022696 0.00269995 0.00641357 0.00884226 0.00285073 0.00525389 0.0029859 0.956197 0.00500145 0.00748548 
0.00344826 0.00237807 0.00280252 0.00868608 0.0127221 0.00780924 0.00274734 0.0188085 0.0112453 0.929353 
0.0051353 0.00276817 0.00870764 0.00301289 0.948875 0.00487834 0.00587912 0.008496 0.00487491 0.00737275 
0.00501761 0.00276629 0.00791538 0.00369891 0.938367 0.00558543 0.00557992 0.00913769 0.00546587 0.0164661 
0.94735 0.00219744 0.00878402 0.00543777 0.00525679 0.00765432 0.00509722 0.00523429 0.00637391 0.00661446 
0.00347532 0.00238813 0.00282742 0.00878886 0.0127487 0.00789088 0.00276647 0.0175808 0.0116048 0.929929 
0.00225691 0.00267653 0.00644013 0.00868609 0.00280249 0.00524443 0.00298552 0.957361 0.00490861 0.00663848 
0.00373335 0.00260567 0.00518944 0.0101899 0.0154503 0.00810304 0.00313396 0.018885 0.0109108 0.921799 
0.957328 0.00189034 0.00686648 0.00459537 0.00389304 0.00593658 0.00441278 0.00442787 0.0050866 0.00556284 
0.00367025 0.00511897 0.949038 0.0107057 0.00285755 0.00529676 0.0046396 0.0083896 0.00522103 0.00506247 
0.00351534 0.00239566 0.00289268 0.00813357 0.0175311 0.00783991 0.00283417 0.0171137 0.0112996 0.926444 
0.00976328 0.00603857 0.0098673 0.0140793 0.00996712 0.00775145 0.0123679 0.00827952 0.916331 0.00555459 
0.00407598 0.00273804 0.00576055 0.935461 0.00453037 0.0146293 0.00255171 0.00541468 0.0150163 0.00982169 
0.00392476 0.00304052 0.0284778 0.011153 0.00979563 0.00936914 0.00363158 0.017881 0.0129372 0.899789 
0.00370276 0.00476203 0.936715 0.00848918 0.0179078 0.00517842 0.00476187 0.00761864 0.0057615 0.00510251 
0.00402036 0.00272725 0.00612097 0.937792 0.00447708 0.0105727 0.00239067 0.00545452 0.014543 0.0119012 
0.00347196 0.937165 0.00540258 0.00765416 0.00457313 0.00975973 0.00486482 0.00692586 0.0127797 0.00740351 
0.00360688 0.00249178 0.0030778 0.00890028 0.0152014 0.00943426 0.00300872 0.0181121 0.0118688 0.924298 
0.00511191 0.00273837 0.00843679 0.00289454 0.950102 0.00472366 0.00577402 0.00803415 0.00472288 0.00746185 
0.957558 0.00179412 0.00646827 0.00381923 0.00353814 0.00833378 0.00458834 0.00416032 0.0045051 0.00523444 
0.0056123 0.00338603 0.0271658 0.908157 0.00506497 0.0121282 0.0036337 0.00838792 0.0164855 0.00997827 
0.00516203 0.00276494 0.00869503 0.00295045 0.949896 0.0047741 0.00587455 0.00799237 0.00491061 0.00698005 
0.00208631 0.96653 0.00260434 0.00407882 0.00258859 0.00446123 0.00289159 0.00455959 0.00642032 0.00377896 
0.00965657 0.00593846 0.010086 0.0141501 0.0101076 0.00914563 0.0125761 0.00847622 0.913929 0.0059346 
0.21255 0.0067521 0.022577 0.0209109 0.0246016 0.0211261 0.0117883 0.0421968 0.025702 0.611795 
0.0240944 0.0242277 0.213724 0.0556099 0.0827212 0.0471267 0.0328986 0.183021 0.284692 0.0518845 
0.00976483 0.00597907 0.0100783 0.0135431 0.0100974 0.00837947 0.0125746 0.00834052 0.91562 0.00562275 
0.00575477 0.00286133 0.00882711 0.00332525 0.945729 0.00538561 0.00607703 0.00875204 0.00531097 0.00797738 
0.00370031 0.00348183 0.0091497 0.0347306 0.0050049 0.00866302 0.00445551 0.906032 0.0105998 0.0141823 
0.00207453 0.967085 0.0025884 0.00369027 0.00254283 0.00438478 0.00289074 0.0045762 0.0064441 0.00372353 
0.00862625 0.00528543 0.0119316 0.0172915 0.0138655 0.0642566 0.0127438 0.0104377 0.847243 0.00831834 
0.00354538 0.00245022 0.00349986 0.00991742 0.0130251 0.00906518 0.00291209 0.0176312 0.0111061 0.926847 
0.00330531 0.00482747 0.952067 0.00925447 0.00477264 0.00476815 0.00419776 0.00741165 0.00464665 0.00474894 
0.00231048 0.00267352 0.00644579 0.00895689 0.00280875 0.00525248 0.00298108 0.956868 0.00491505 0.00678846 
0.00566635 0.00299288 0.00991625 0.00386486 0.941013 0.00624736 0.00687182 0.00862958 0.00629456 0.00850374 
0.00973081 0.00597775 0.00965248 0.0140848 0.00993431 0.0076266 0.012324 0.00811938 0.917111 0.00543887 
0.00461305 0.00299497 0.00485096 0.0108334 0.028576 0.0341868 0.00486349 0.0161318 0.0143987 0.878551 
0.0040833 0.00272288 0.00563326 0.939429 0.00442118 0.0105044 0.00240589 0.00539704 0.0153779 0.010025 
0.00224564 0.963519 0.00285365 0.00408943 0.00279176 0.00502461 0.00314279 0.00479227 0.00747954 0.00406106 
0.00418527 0.00377733 0.00923735 0.00632592 0.0312651 0.00959154 0.916493 0.0046131 0.00917486 0.00533694 
0.812706 0.0052035 0.0420308 0.0340317 0.0106882 0.0372497 0.0154597 0.0127062 0.0157676 0.014157 
0.00235044 0.00267811 0.00642428 0.00863271 0.00294224 0.00531202 0.00300852 0.956977 0.00495168 0.00672261 
0.00354392 0.00241751 0.00295755 0.00829758 0.0177589 0.00768447 0.0028678 0.0177389 0.0112457 0.925488 
0.00249007 0.958172 0.00334795 0.00490579 0.00321389 0.00539312 0.00343302 0.00517829 0.00934642 0.00451948 
0.00330691 0.00484225 0.946648 0.0163774 0.00250587 0.0050988 0.00408766 0.00730669 0.00503556 0.00479048 
0.00624751 0.00279657 0.00964565 0.00315862 0.946755 0.00497554 0.00586409 0.00838483 0.00487817 0.00729372 
0.960223 0.00180354 0.00653265 0.00380164 0.00352427 0.00567469 0.00427311 0.00423415 0.00461498 0.00531816 
0.00358895 0.00245085 0.00303452 0.00847403 0.0144977 0.00795536 0.00291725 0.0208872 0.0116472 0.924547 
0.00612098 0.00344259 0.00991557 0.00545901 0.921061 0.00804313 0.00864523 0.00972896 0.0160757 0.0115082 
0.00207468 0.967108 0.00259412 0.00370107 0.00256014 0.00442994 0.00289242 0.00451823 0.00639752 0.00372346 
0.00289944 0.00335501 0.00690395 0.00451294 0.00565965 0.00685316 0.956727 0.00278711 0.00691326 0.00338897 
0.0514516 0.0313257 0.0986435 0.115603 0.109074 0.119493 0.0687485 0.0838998 0.227608 0.0941526 
0.00794135 0.00456993 0.0125573 0.00789292 0.812774 0.012062 0.10438 0.0113839 0.0132307 0.0132079 
0.00513076 0.00278807 0.00850897 0.00346404 0.946131 0.00512143 0.00577261 0.00866105 0.00503303 0.00938949 
0.00239851 0.00269881 0.00651717 0.00839083 0.00501042 0.00546098 0.00314944 0.953737 0.00503594 0.00760055 
0.00713833 0.00827306 0.02088 0.00912164 0.871259 0.0106635 0.0265157 0.0112721 0.0149836 0.0198933 
0.0216726 0.0116686 0.0376874 0.033506 0.213925 0.0375862 0.0231787 0.0479425 0.0425966 0.530236 
0.0027038 0.00289559 0.00733217 0.00957547 0.00385928 0.00698878 0.00359316 0.947517 0.00797804 0.00755661 
0.00226019 0.00267707 0.00645801 0.00880769 0.00280969 0.00524966 0.00298496 0.957094 0.00493433 0.00672465 
0.00301697 0.0033857 0.00687393 0.00466445 0.00626228 0.00744708 0.95462 0.00290173 0.00724 0.00358764 
0.00531763 0.0055079 0.84509 0.0116341 0.00690887 0.0113588 0.0870183 0.00880188 0.0108517 0.00751052 
0.00207917 0.967048 0.0025934 0.0037279 0.00255599 0.00434853 0.0028942 0.00451403 0.00655568 0.00368355 
0.00695236 0.00298335 0.00671778 0.0172671 0.00963537 0.825343 0.00873978 0.00920446 0.0150823 0.0980747 
0.96049 0.00179236 0.00645137 0.00380797 0.00341524 0.00562472 0.00427101 0.00419385 0.00468488 0.00526815 
0.00293971 0.00338917 0.00669311 0.00465026 0.00567925 0.00720582 0.95567 0.00282502 0.00749232 0.00345516 
0.00363509 0.00248141 0.00304369 0.00908172 0.0135736 0.00814491 0.00295841 0.0174183 0.0125327 0.92713 
0.0122515 0.0108861 0.286506 0.129798 0.0375147 0.0235982 0.0137362 0.385498 0.0421285 0.0580831 
0.960286 0.00179705 0.00662499 0.00381274 0.00342887 0.00577687 0.00427189 0.00422203 0.0044684 0.00531092 
0.00981753 0.00596342 0.0102449 0.014362 0.00987581 0.00768719 0.0123518 0.00814919 0.916161 0.00538726 
0.274177 0.0226015 0.15186 0.102655 0.118898 0.0743258 0.0648394 0.0556941 0.0741233 0.0608254 
0.00459479 0.00313521 0.00985795 0.90528 0.00557588 0.0232871 0.00370265 0.00979243 0.0183104 0.0164636 
0.00605439 0.00595617 0.900852 0.0204743 0.00660356 0.0112596 0.00829171 0.013961 0.0170717 0.00947512 
0.00295799 0.00337982 0.00664452 0.00458105 0.0056235 0.00709294 0.956273 0.00281691 0.00717082 0.00345963 
0.957081 0.00186694 0.00881845 0.00389721 0.00353285 0.00554054 0.00435012 0.00481542 0.00454786 0.00554997 
0.00453912 0.00303008 0.0049333 0.0107717 0.0276432 0.0108801 0.00423727 0.0215822 0.012758 0.899625 
0.00447806 0.00294873 0.0074435 0.932835 0.00494002 0.0116475 0.00286062 0.00599912 0.0163773 0.0104703 
0.00424261 0.00280658 0.00561578 0.937664 0.00450064 0.0119711 0.00249613 0.00542923 0.0152541 0.0100197 
0.00293355 0.00338789 0.00664912 0.00461855 0.00583969 0.00708477 0.956124 0.00282349 0.00707146 0.00346709 
0.0329996 0.00496674 0.846461 0.0139286 0.00579988 0.0555946 0.00871171 0.0116289 0.00953986 0.010369 
0.00466742 0.00218544 0.0049666 0.00891553 0.0100949 0.938916 0.0121662 0.00426481 0.00803211 0.00579122 
0.00231649 0.00266913 0.00635522 0.00865273 0.0028346 0.00530399 0.00298471 0.956646 0.00493879 0.00729796 
0.00213861 0.966103 0.00265502 0.00378716 0.0026135 0.00449871 0.00295014 0.00457906 0.00690896 0.0037654 
0.00322989 0.00497595 0.954058 0.00966402 0.00238565 0.00477256 0.00411936 0.00756632 0.00463901 0.00458907 
0.0096434 0.00594686 0.0106571 0.0138991 0.0104669 0.00823325 0.0122322 0.00828943 0.915087 0.00554464 
0.00406715 0.00272325 0.00577314 0.938747 0.00446457 0.0104511 0.00241179 0.0056331 0.0150546 0.0106743 
0.00506854 0.00274033 0.00824904 0.00304362 0.947433 0.00496018 0.00570764 0.00849346 0.0050193 0.00928479 
0.00408203 0.00280949 0.00563242 0.938185 0.00448113 0.0106528 0.00243302 0.00548081 0.0154295 0.0108139 
0.00225468 0.00267482 0.00638833 0.00880676 0.00281188 0.00523795 0.00298099 0.957044 0.00494588 0.0068545 
0.00583278 0.00571283 0.908507 0.0192026 0.00548831 0.010547 0.00913275 0.0127871 0.0139553 0.00883456 
0.0248248 0.00926949 0.0204838 0.0332894 0.046954 0.175646 0.0191907 0.0371178 0.0630171 0.570207 
0.00293669 0.00336702 0.00650466 0.00464205 0.00547016 0.00750136 0.956143 0.00279838 0.00707949 0.00355695 
0.00327073 0.00498477 0.953692 0.0100718 0.00236906 0.00478832 0.00412088 0.00742743 0.00474501 0.00453012 
0.0032113 0.00497397 0.954231 0.00997202 0.00234117 0.00474552 0.00408829 0.00737483 0.00456312 0.00449908 
0.00348531 0.00239825 0.00291135 0.008786 0.0131308 0.00807254 0.00279731 0.0182286 0.0111404 0.929049 
0.00549935 0.00296938 0.00892177 0.00367611 0.940079 0.00582629 0.0066222 0.00856083 0.00757383 0.0102715 
0.00210245 0.966197 0.00261616 0.00372441 0.00257858 0.00435765 0.00292628 0.00458901 0.00721998 0.00368894 
0.00529512 0.00285524 0.00877003 0.00354543 0.946384 0.00532045 0.00599845 0.00839112 0.00525086 0.00818925 
0.0448948 0.00847967 0.0236436 0.0199389 0.687347 0.0285595 0.0171247 0.0294431 0.0278172 0.112752 
0.00369881 0.00205903 0.00433907 0.00894098 0.00567699 0.945707 0.0127898 0.0038794 0.00740019 0.00550838 
0.00453068 0.00309879 0.00526494 0.0197073 0.012112 0.00989037 0.00406342 0.0222824 0.0216281 0.897422 
0.00226078 0.9614 0.00289485 0.00410086 0.00276067 0.00455858 0.00312982 0.00470739 0.010363 0.00382428 
0.00991737 0.00597027 0.00965045 0.0134483 0.00997727 0.00769184 0.0124199 0.00802472 0.917645 0.00525499 
0.00406605 0.00272714 0.00600023 0.93834 0.00441698 0.0105912 0.00242126 0.0055789 0.0154767 0.0103812 
0.0032405 0.00498728 0.953937 0.00990873 0.00237337 0.00477732 0.0041228 0.00740209 0.00472084 0.00453031 
0.00529319 0.00322333 0.0163878 0.0266121 0.897044 0.00759651 0.00547825 0.0108389 0.00739023 0.0201358 
0.00820057 0.00734412 0.850143 0.0412257 0.00912127 0.0161146 0.0110546 0.0152787 0.0286731 0.0128448 
0.0032357 0.00373235 0.00871967 0.00543195 0.00587642 0.00830442 0.947755 0.0032635 0.00980113 0.00388017 
0.00236745 0.00267295 0.00641465 0.00869073 0.00285906 0.00522743 0.00299029 0.957107 0.00490836 0.00676214 
0.952184 0.00206637 0.00820559 0.00510833 0.00416137 0.00651667 0.00475806 0.00490885 0.0057203 0.0063708 
0.00347193 0.00498498 0.947902 0.0105676 0.00280161 0.00562058 0.00501566 0.00873868 0.00594769 0.00494893 
0.002069 0.967202 0.00260716 0.00374636 0.00254208 0.00444644 0.00289103 0.00450748 0.00628413 0.00370472 
0.00453457 0.00314967 0.0049439 0.0124138 0.0191341 0.0125945 0.00431887 0.0280584 0.0143945 0.896458 
0.00390495 0.0033816 0.00664497 0.00464922 0.00589808 0.0078822 0.954141 0.00290425 0.00699183 0.00360217 
0.00293071 0.00337561 0.00676433 0.00459897 0.00587093 0.00696936 0.956063 0.00283726 0.00706949 0.00352007 
0.00295793 0.00339434 0.0074957 0.00466736 0.0059959 0.00709202 0.954757 0.00290206 0.00723033 0.00350689 
0.00946967 0.00728499 0.0103113 0.0141804 0.01029 0.00831966 0.0120202 0.00860324 0.913512 0.00600871 
0.16796 0.0148561 0.103852 0.0848824 0.0229007 0.0385695 0.0258435 0.0270646 0.488491 0.0255803 
0.0151188 0.304225 0.0260043 0.0327423 0.0142627 0.016206 0.0136077 0.0170136 0.546276 0.0145427 
0.00953711 0.00926635 0.27078 0.0668266 0.0121684 0.0190546 0.0116955 0.516306 0.0416224 0.042744 
0.00463552 0.00273102 0.00874312 0.0140145 0.00781747 0.923749 0.0124012 0.00538951 0.0138479 0.00667107 
0.0163923 0.0080709 0.0155738 0.0177916 0.0505572 0.0173999 0.0133333 0.01421 0.835375 0.0112961 
0.00340984 0.00234979 0.00271771 0.00833385 0.0129455 0.00771949 0.0026978 0.01822 0.0112701 0.930336 
0.959944 0.00179204 0.00658118 0.00375613 0.00373206 0.00595471 0.00427836 0.00420879 0.00448446 0.00526815 
0.00909866 0.00551859 0.00982565 0.012688 0.0265399 0.00821791 0.0114551 0.00830381 0.902595 0.00575784 
0.00493632 0.00271065 0.00766507 0.00324299 0.938752 0.00526184 0.00550526 0.00873588 0.00559995 0.0175899 
0.00321522 0.00497735 0.95411 0.00995488 0.00235876 0.00475847 0.00410573 0.00738155 0.00462054 0.00451715 
0.00298704 0.00338258 0.00688028 0.00460607 0.00547288 0.00710197 0.956187 0.00282206 0.00709307 0.0034671 
0.955275 0.00197136 0.00756681 0.00438142 0.00386147 0.00651444 0.00476539 0.00463195 0.00522291 0.00580928 
0.00231792 0.00270385 0.00619937 0.00901573 0.0031305 0.0056083 0.00300836 0.952452 0.00514327 0.0104207 
0.00295498 0.00337604 0.00670755 0.00459083 0.00635575 0.00712624 0.95546 0.00286075 0.00704184 0.00352596 
0.960985 0.00178533 0.00661568 0.00372462 0.0033806 0.00539487 0.00425484 0.00419332 0.00439587 0.00527021 
0.00299061 0.00341019 0.00666166 0.00474108 0.0058664 0.0075156 0.954271 0.00288475 0.00814538 0.00351317 
0.00933911 0.00577117 0.00969001 0.0160625 0.00982727 0.0115211 0.0122032 0.008105 0.911818 0.00566229 
0.0021447 0.964242 0.00338002 0.0044463 0.00284445 0.00442942 0.00294166 0.00487663 0.00685698 0.00383776 
0.00404031 0.00269757 0.00555681 0.940257 0.00439488 0.0102607 0.00235271 0.00533696 0.0150486 0.0100548 
0.00371351 0.00206329 0.00446061 0.0088867 0.0058913 0.945406 0.0129575 0.00388021 0.00776262 0.00497856 
0.0032307 0.00348025 0.00744604 0.00513662 0.00840451 0.00763624 0.949303 0.00331604 0.00760765 0.00443944 
0.00368002 0.00207029 0.00456268 0.277844 0.00477636 0.681928 0.00594783 0.00407254 0.00915211 0.00596598 
0.00227374 0.00269432 0.00662626 0.00900415 0.0028204 0.00524998 0.00299354 0.956557 0.0049905 0.00678991 
0.0085235 0.00559994 0.0131462 0.0523828 0.0132873 0.0106234 0.0096508 0.010087 0.858922 0.017777 
0.00463883 0.00302863 0.00720062 0.914684 0.00589059 0.0218431 0.00337063 0.00602239 0.0225978 0.0107236 
0.00406509 0.00264304 0.00562773 0.925402 0.00447522 0.0260728 0.00274728 0.00521975 0.0143227 0.00942433 
0.00207559 0.967055 0.00259097 0.00369124 0.00254842 0.0043846 0.00289287 0.00459107 0.00646944 0.00370091 
0.00510197 0.00275873 0.00949474 0.00308856 0.94841 0.00479163 0.00574238 0.00816123 0.00491994 0.00753102 
0.00464889 0.00310694 0.00663291 0.915868 0.00540619 0.0121848 0.00332301 0.00948398 0.0247344 0.0146109 
0.00368112 0.00463078 0.918503 0.0103558 0.00365259 0.00636361 0.0342244 0.00658166 0.00702991 0.0049776 
0.020155 0.0126403 0.0311233 0.0909806 0.0619735 0.131663 0.0243576 0.0413007 0.0702507 0.515556 
0.00325087 0.00503547 0.95345 0.0100988 0.00242332 0.00481576 0.00414193 0.00744875 0.00477221 0.00456315 
0.00438784 0.00392476 0.0093369 0.0163399 0.00788469 0.0103798 0.00532922 0.905805 0.0125033 0.0241089 
0.00341425 0.00235409 0.00271446 0.00852673 0.0122687 0.00769776 0.00269357 0.0181074 0.0113045 0.930919 
0.959133 0.00182758 0.00710067 0.0040292 0.00344897 0.0057748 0.00429904 0.00438626 0.00463944 0.00536134 
0.00428274 0.002475 0.00544986 0.0113038 0.00650688 0.934408 0.0127914 0.00470228 0.0120514 0.0060289 
0.00950767 0.00584258 0.00996889 0.0171489 0.00986581 0.00934147 0.0121894 0.00835573 0.911991 0.00578824 
0.00961676 0.0059205 0.00980636 0.015562 0.00986678 0.00762154 0.0120185 0.00817386 0.915675 0.00573889 
0.0796753 0.00954054 0.0184739 0.709852 0.0134469 0.0356252 0.0112607 0.0139933 0.0904488 0.0176831 
0.00819068 0.0052884 0.00997868 0.0330319 0.0205846 0.202515 0.0103937 0.0368006 0.026353 0.646863 
0.00209775 0.966897 0.00261895 0.00374964 0.00255113 0.00435226 0.00289559 0.0045616 0.00657145 0.00370497 
0.0105889 0.00633192 0.010657 0.0202138 0.0124702 0.00839122 0.0114311 0.00817419 0.904225 0.00751711 
0.954248 0.0019942 0.00773521 0.00460673 0.00386173 0.0064158 0.00469429 0.00473848 0.00553512 0.00617007 
0.0167072 0.00989831 0.0353441 0.0274775 0.146832 0.0274111 0.664513 0.0172262 0.0354555 0.019136 
0.0108532 0.00671639 0.0172288 0.0342769 0.0279085 0.0147273 0.0131354 0.0135668 0.843833 0.0177533 
0.00888541 0.0054952 0.00900537 0.0129975 0.0100853 0.00786621 0.010881 0.00998612 0.910609 0.0141883 
0.00229481 0.00270754 0.00665146 0.00882244 0.00285919 0.00529101 0.0030213 0.956293 0.00505113 0.00700766 
0.00349993 0.00240984 0.00291944 0.00852765 0.013535 0.0077268 0.00280969 0.018784 0.0115553 0.928232 
0.00390593 0.00210769 0.00439065 0.00942408 0.00654337 0.939652 0.0115026 0.0045858 0.00780949 0.0100781 
0.00353744 0.00367358 0.00928432 0.00577923 0.00639126 0.00792108 0.94388 0.0035342 0.011848 0.00415078 
0.0043101 0.00288559 0.00644278 0.931273 0.0049 0.0142259 0.00279767 0.00572132 0.0170965 0.0103475 
0.00555605 0.00332623 0.00809736 0.0111912 0.00848513 0.0106325 0.00465921 0.914618 0.00810557 0.0253283 
0.00724077 0.00609375 0.623918 0.0125845 0.249552 0.016294 0.00978252 0.0123283 0.0522134 0.00999212 
0.00537038 0.0028041 0.00871719 0.00304319 0.948636 0.00489538 0.0059651 0.00809452 0.00551528 0.00695907 
0.00417542 0.00274554 0.00582336 0.939038 0.00446048 0.0104168 0.00244313 0.00546019 0.0153514 0.0100853 
0.00509616 0.00273467 0.00838398 0.00298186 0.949609 0.0049447 0.00577024 0.00808595 0.00482371 0.00756983 
0.00386236 0.00217307 0.00466928 0.0104484 0.00594788 0.941103 0.0127104 0.00405242 0.00952554 0.00550727 
0.00375874 0.00253656 0.00338833 0.00859456 0.0226492 0.00853243 0.00318235 0.019484 0.0115349 0.916339 
0.00227937 0.00270859 0.00633026 0.00889041 0.00286414 0.00532577 0.00298937 0.955796 0.00503407 0.00778155 
0.00293988 0.00336592 0.00671195 0.00456774 0.00593089 0.00726871 0.955695 0.00281691 0.00724461 0.00345799 
0.00211857 0.966071 0.00294978 0.00378132 0.00279397 0.00436067 0.0029349 0.00462769 0.00664673 0.00371513 
0.00945381 0.00711782 0.0100953 0.0148427 0.00979713 0.00844066 0.0119858 0.00842167 0.914081 0.00576411 
0.00207403 0.966987 0.0025909 0.00374773 0.00255904 0.00442617 0.00288869 0.00463079 0.00636688 0.00372907 
0.00522876 0.00478692 0.944165 0.0138123 0.00285567 0.00587329 0.00475148 0.00738232 0.00606347 0.005081 
0.00241328 0.0026982 0.00685511 0.00879843 0.00315329 0.00559692 0.00306641 0.955273 0.00497261 0.00717277 
0.00292687 0.00336365 0.00667571 0.00457468 0.00582166 0.00691874 0.956464 0.00280775 0.00701641 0.00343035 
0.00522915 0.00335389 0.00798975 0.903002 0.00655186 0.0130179 0.00387057 0.00817117 0.0311522 0.0176616 
0.00228607 0.00267445 0.00632548 0.0087342 0.0028867 0.00532616 0.00299151 0.955414 0.00500974 0.00835149 
0.956332 0.00179024 0.00637396 0.00388538 0.00343953 0.00975821 0.00447076 0.00415852 0.00456095 0.00523079 
0.00402775 0.00272959 0.0060114 0.940344 0.0043645 0.0100354 0.002353 0.00542906 0.0146921 0.0100129 
0.00386969 0.00213546 0.00461265 0.00955217 0.00592954 0.942286 0.0124952 0.00408648 0.00852365 0.00650903 
0.00518071 0.00278983 0.00860715 0.00314715 0.948698 0.00492639 0.00588521 0.00837615 0.00489132 0.0074985 
0.00230611 0.00267539 0.00645836 0.00910599 0.00280492 0.00531729 0.00298827 0.956655 0.00492475 0.00676378 
0.00324263 0.0049968 0.953226 0.0105346 0.00238063 0.00481963 0.0041193 0.0074318 0.00467933 0.004569 
0.00294027 0.00342803 0.006793 0.00464335 0.00557781 0.00730261 0.955914 0.00283541 0.00708947 0.00347569 
0.00960746 0.00590649 0.0101066 0.0154529 0.0102206 0.00839972 0.0120723 0.00857611 0.913213 0.00644465 
0.00232785 0.0529641 0.0051245 0.0119195 0.00289298 0.0054421 0.00301124 0.904359 0.00577783 0.00618105 
0.00240275 0.00275221 0.00675985 0.00934398 0.00311172 0.00569843 0.00315724 0.954134 0.00536 0.00727937 
0.00374446 0.00501548 0.95281 0.0100892 0.00244552 0.00488716 0.00418766 0.00748229 0.00472251 0.00461539 
0.00421618 0.00271239 0.00579395 0.871127 0.00491049 0.0793317 0.00360351 0.00532684 0.0141446 0.00883298 
0.00209378 0.966534 0.00266938 0.0039946 0.00261238 0.00449716 0.00290754 0.00454998 0.00635197 0.00378953 
0.00970515 0.00837451 0.754656 0.0310586 0.00995174 0.0168355 0.0132365 0.0173421 0.125344 0.0134953 
0.00458753 0.00297361 0.00491195 0.0172909 0.0655485 0.010079 0.00416569 0.0152828 0.0129884 0.862172 
0.00372879 0.00256837 0.00342204 0.00875026 0.0144925 0.00823049 0.00314899 0.0251625 0.011586 0.91891 
0.00355156 0.00494943 0.94398 0.0128158 0.0026462 0.00501945 0.00439081 0.00732851 0.0106521 0.00466599 
0.0134913 0.00920684 0.024735 0.0488982 0.120149 0.0183287 0.0161857 0.0170467 0.716754 0.0152046 
0.00435077 0.00211843 0.00452052 0.00913512 0.00588321 0.942283 0.0125352 0.00410677 0.00909007 0.00597709 
