0.00526568 0.00283604 0.0100883 0.00353838 0.945343 0.00531579 0.00597698 0.00862955 0.00497739 0.00802916 
0.00331278 0.00495426 0.953729 0.00989668 0.0025694 0.00479576 0.00417786 0.00736591 0.00464319 0.00455531 
0.00226702 0.00267584 0.00645386 0.00894626 0.00281281 0.00525344 0.00298252 0.95694 0.0049257 0.00674211 
0.0106058 0.00608197 0.0133022 0.0406769 0.0284333 0.525438 0.0158291 0.0155885 0.303249 0.0407951 
0.00963633 0.00590629 0.00967689 0.0133906 0.00993645 0.0093013 0.0123771 0.00812286 0.916177 0.00547519 
0.0105072 0.00493482 0.00963257 0.0123655 0.0159626 0.0374611 0.011721 0.00899608 0.881422 0.00699735 
0.00383222 0.00217153 0.00482735 0.00920726 0.00601817 0.942107 0.0125176 0.00490758 0.00913182 0.00527994 
0.0250655 0.00928859 0.0370577 0.0296657 0.0523914 0.0187924 0.110924 0.0155033 0.686919 0.0143919 
0.00589225 0.0028558 0.00712148 0.00895392 0.00641019 0.00774721 0.00376911 0.940491 0.00597941 0.0107799 
0.960846 0.00178374 0.0064611 0.0038147 0.00340041 0.0055821 0.00422313 0.00417522 0.00443015 0.00528374 
0.0132991 0.568293 0.0234756 0.0427698 0.0204961 0.0242207 0.0171468 0.0219317 0.248383 0.0199837 
0.00512527 0.00275601 0.00845036 0.00305457 0.949033 0.00488135 0.0057915 0.00821565 0.00484173 0.00785069 
0.00230504 0.00270971 0.0066422 0.0089613 0.00288399 0.00533764 0.00304506 0.956063 0.00509799 0.00695454 
0.0025696 0.954785 0.00399691 0.00756913 0.00351615 0.00599499 0.00347743 0.00535145 0.00794711 0.00479261 
0.00307353 0.00337402 0.00678926 0.00460728 0.00594439 0.00725145 0.955574 0.00285041 0.0070091 0.00352671 
0.0189242 0.0197198 0.0566526 0.037334 0.278924 0.0376273 0.400798 0.0293809 0.0405107 0.0801287 
0.00974915 0.00938635 0.0186023 0.0203745 0.0107009 0.0121375 0.0129508 0.0112562 0.886004 0.00883836 
0.00367706 0.00206193 0.00438649 0.0090757 0.00565658 0.945859 0.0129566 0.00384257 0.00742503 0.00505917 
0.00294743 0.00333857 0.00678864 0.00480891 0.00552371 0.00944239 0.953556 0.00283624 0.00727801 0.00347973 
0.0190314 0.0227106 0.141683 0.351426 0.0261323 0.0386322 0.0197465 0.107885 0.231693 0.0410608 
0.00419763 0.00268924 0.00682502 0.00962488 0.0115985 0.00814336 0.00325297 0.0284803 0.0106847 0.914503 
0.00208022 0.966914 0.00259376 0.00369763 0.00255319 0.00441073 0.00289931 0.00456174 0.00656378 0.00372527 
0.0101849 0.00931548 0.016259 0.0226626 0.0123332 0.0135575 0.0130281 0.0123295 0.879931 0.010399 
0.00316578 0.00341541 0.00833952 0.00507312 0.0079387 0.00708994 0.950513 0.00342038 0.00725747 0.00378687 
0.00404925 0.00272203 0.00549895 0.94008 0.00439629 0.0107407 0.00237105 0.00534523 0.0146851 0.0101112 
0.00972785 0.0058992 0.0100125 0.0134116 0.0103294 0.00883468 0.012466 0.00816881 0.915611 0.00553864 
0.012353 0.00943872 0.0465149 0.0237337 0.0214103 0.0565751 0.0569791 0.0286189 0.728956 0.01542 
0.960844 0.00178398 0.00650103 0.00382351 0.00337075 0.00556177 0.00422892 0.00419677 0.00441109 0.00527787 
0.957562 0.00187097 0.0067829 0.00395711 0.00356834 0.00593329 0.00444492 0.00430611 0.00623418 0.00534016 
0.00510073 0.0027279 0.00843072 0.00285492 0.950556 0.00478855 0.00580701 0.00801427 0.00466532 0.00705498 
0.023043 0.448903 0.0382129 0.0841348 0.0353701 0.0573421 0.0297353 0.0389883 0.19571 0.0485603 
0.00416404 0.00278935 0.00600365 0.934395 0.00456329 0.0104699 0.00252418 0.00548307 0.0194815 0.010126 
0.00420301 0.00482548 0.936338 0.0118103 0.00701721 0.00689927 0.00599663 0.00797518 0.00911224 0.00582259 
0.0120534 0.00653509 0.0166073 0.024644 0.0139423 0.0162364 0.0145718 0.0125515 0.870833 0.0120253 
0.00293652 0.00339071 0.0066467 0.00457559 0.00563426 0.00709199 0.956375 0.00281434 0.00707634 0.00345814 
0.00388332 0.00436352 0.909478 0.0095366 0.0385897 0.00590717 0.00524712 0.00765862 0.00986029 0.00547553 
0.00343727 0.0049762 0.952846 0.0100239 0.002488 0.00490875 0.00422426 0.00744447 0.00503233 0.00461915 
0.00351055 0.00241779 0.00288076 0.00842449 0.0123751 0.00773863 0.00282576 0.0195076 0.0126271 0.927692 
0.957673 0.0018785 0.00695458 0.00408774 0.00355667 0.00601713 0.00445328 0.00442249 0.00551632 0.00544043 
0.00515044 0.00274232 0.00844472 0.00293854 0.949662 0.00513142 0.00586578 0.00805973 0.00486586 0.00713906 
0.0241583 0.0147997 0.0398412 0.0500672 0.0304678 0.0471262 0.0320691 0.0341006 0.690889 0.0364804 
0.00238818 0.958688 0.0032117 0.0044465 0.00330232 0.00482917 0.00328807 0.00497023 0.0106668 0.00420899 
0.00462472 0.00291509 0.00718785 0.936375 0.00458737 0.0112462 0.00262379 0.00565536 0.0147745 0.0100099 
0.00246245 0.00279839 0.00707272 0.0106342 0.00311515 0.005721 0.00322163 0.951945 0.00565048 0.00737912 
0.00356247 0.00361308 0.032495 0.0244634 0.00421629 0.00947562 0.00479859 0.896918 0.00774415 0.0127138 
0.960606 0.0017961 0.00663592 0.00381824 0.00339056 0.00551851 0.00424004 0.00421287 0.00446703 0.00531487 
0.00321476 0.00500521 0.954111 0.00982529 0.00236276 0.00476134 0.00418237 0.00739787 0.00462456 0.00451441 
0.00522276 0.00312916 0.0140337 0.00837081 0.920114 0.0107107 0.00636875 0.0115789 0.00714561 0.0133252 
0.00514626 0.00280511 0.00961403 0.00338792 0.94611 0.00525431 0.00582175 0.0083743 0.00491595 0.00857027 
0.00207555 0.967055 0.00261762 0.0037365 0.00257274 0.00445725 0.00289714 0.00451705 0.00635829 0.0037126 
0.00644624 0.00602543 0.894097 0.0203454 0.00892513 0.0156915 0.00892822 0.012821 0.0168976 0.00982268 
0.43824 0.00226693 0.00593473 0.003854 0.00400701 0.0076083 0.525948 0.00309889 0.00519151 0.00385031 
0.00523903 0.00282135 0.00873833 0.00308872 0.947505 0.00498364 0.00599496 0.00820231 0.00642361 0.00700296 
0.00443366 0.00292074 0.00602421 0.894806 0.00492564 0.0527456 0.00341557 0.00540163 0.016126 0.00920073 
0.0256947 0.00803896 0.0583439 0.0222703 0.673277 0.0977085 0.0185049 0.046272 0.0205452 0.0293445 
0.00209211 0.966487 0.00260875 0.00370008 0.00257005 0.00451211 0.00295389 0.00454194 0.00679865 0.00373589 
0.00846074 0.00322226 0.0083002 0.00862947 0.87337 0.00824519 0.00592902 0.0146363 0.00867703 0.0605296 
0.0105488 0.00947078 0.0135256 0.0227463 0.0611296 0.0200641 0.0112862 0.0450545 0.0870922 0.719082 
0.00977509 0.0060743 0.00975619 0.0136301 0.0100142 0.00758654 0.0123303 0.00819078 0.917202 0.00544082 
0.00413956 0.00281364 0.00728787 0.937811 0.00449721 0.0102993 0.00250528 0.00578902 0.0147954 0.0100619 
0.00390828 0.00500657 0.931506 0.0140707 0.00310655 0.00577752 0.00494934 0.00775115 0.018837 0.00508636 
0.00342063 0.00234666 0.00271888 0.00862008 0.013898 0.00764203 0.0026942 0.01697 0.0112944 0.930395 
0.00402875 0.00273046 0.00556065 0.938449 0.00439504 0.0123117 0.0024189 0.0053225 0.0148101 0.00997304 
0.0370413 0.0245145 0.241328 0.099048 0.177787 0.0738603 0.0610773 0.0645333 0.148532 0.072279 
0.00753816 0.00536982 0.0116269 0.0119328 0.0111692 0.0174784 0.20247 0.00733423 0.718341 0.00673987 
0.00352338 0.00508234 0.94864 0.0107859 0.00267225 0.00527682 0.00450068 0.00803919 0.00657473 0.00490481 
0.960739 0.0017902 0.00666347 0.0037423 0.00338666 0.00545262 0.00423972 0.00418559 0.00453441 0.00526603 
0.00208241 0.966527 0.0026396 0.00410392 0.00259971 0.00455384 0.00290377 0.0045432 0.0062986 0.0037482 
0.0020703 0.965605 0.00263853 0.00375558 0.0025498 0.0044168 0.00288295 0.00609307 0.00621827 0.0037701 
0.96047 0.00178876 0.00656663 0.00374971 0.00340175 0.00578523 0.00427382 0.00420002 0.00449708 0.00526704 
0.00399612 0.00270538 0.0040497 0.0110958 0.0239325 0.00878115 0.00348579 0.0205265 0.0116113 0.909816 
0.00358811 0.00244974 0.00307978 0.0101805 0.0135785 0.008231 0.00289223 0.0175502 0.0114743 0.926976 
0.00206739 0.967311 0.00257907 0.00367526 0.00253491 0.00433487 0.00288015 0.0045633 0.00636406 0.00369002 
0.00895316 0.00552331 0.009129 0.0134981 0.00949717 0.0197548 0.0122447 0.00766967 0.908355 0.00537553 
0.00406447 0.00268919 0.0054925 0.940517 0.00436025 0.0103464 0.00234359 0.00532173 0.0147422 0.0101224 
0.00519529 0.0027745 0.00835979 0.00309873 0.946641 0.00514767 0.00591935 0.00845858 0.00531213 0.00909311 
0.014691 0.0134031 0.21069 0.238703 0.0197414 0.0285968 0.0164847 0.341671 0.0844892 0.03153 
0.0162496 0.0496797 0.0513212 0.0652406 0.0179724 0.0196374 0.0164902 0.0175111 0.729009 0.0168891 
0.0042787 0.00280379 0.00595318 0.936103 0.00470995 0.0125915 0.00259889 0.00556347 0.0151637 0.0102342 
0.960157 0.00179334 0.00650179 0.00398143 0.00340795 0.00564348 0.00422723 0.00440121 0.00453394 0.00535282 
0.00231331 0.00266311 0.00634734 0.00859628 0.00291601 0.00528473 0.00297785 0.956842 0.00489165 0.00716728 
0.960641 0.00178934 0.0065728 0.00378059 0.00339237 0.00558598 0.00424422 0.00420336 0.00451804 0.00527244 
0.00583233 0.00341595 0.00802141 0.00783338 0.00761057 0.143936 0.804128 0.00445313 0.00953871 0.00523057 
0.00403763 0.00270135 0.00553067 0.938795 0.0044189 0.0118007 0.00240786 0.00532156 0.0149869 0.00999947 
0.0113967 0.00576544 0.0146265 0.0165378 0.0109059 0.0110776 0.0138922 0.00922363 0.89929 0.00728371 
0.00380458 0.00259727 0.0033775 0.0107139 0.0136512 0.00825411 0.00317814 0.0188628 0.0156217 0.919939 
0.00226428 0.00266959 0.00637577 0.00876832 0.00285465 0.00527304 0.00297613 0.956082 0.00497243 0.00776389 
0.00474279 0.00298964 0.00590327 0.936689 0.00454149 0.0120298 0.00259063 0.00552337 0.0149081 0.0100818 
0.877923 0.00435743 0.0179828 0.014156 0.0151634 0.0156143 0.0116043 0.0102145 0.0196839 0.0133003 
0.00447362 0.00337281 0.00714299 0.91994 0.00599896 0.0238355 0.00336576 0.00606015 0.0157734 0.0100365 
0.00207399 0.967131 0.0025969 0.00371763 0.00253964 0.00434001 0.00288789 0.00454124 0.00650511 0.00366645 
0.00405595 0.00269955 0.00555379 0.939475 0.00441362 0.0114065 0.00238851 0.00532096 0.0146903 0.0099961 
0.0033073 0.00498641 0.951938 0.01066 0.00248307 0.0049614 0.00424302 0.00790644 0.00482851 0.00468571 
0.00963558 0.00594873 0.00949241 0.0130932 0.00992266 0.00775269 0.0122244 0.00826637 0.917668 0.00599611 
0.00356336 0.00493973 0.952165 0.0105065 0.00246887 0.00493087 0.00436033 0.00744096 0.00497874 0.00464594 
0.00207232 0.967151 0.00258796 0.00368921 0.00255548 0.00443088 0.00289001 0.00457648 0.00631953 0.00372759 
0.00235609 0.00280596 0.00654736 0.00919884 0.00305374 0.00639205 0.003138 0.954377 0.00515344 0.00697791 
0.00212387 0.96589 0.00267382 0.00381807 0.00263704 0.00456758 0.00296457 0.00459088 0.00691121 0.00382319 
0.00380308 0.00264653 0.00383354 0.0106306 0.0125998 0.00893891 0.00331899 0.0279765 0.0159605 0.910292 
0.00403746 0.00269882 0.00578206 0.937601 0.0044662 0.0132269 0.00246681 0.00532596 0.0145129 0.00988221 
0.00969972 0.00592554 0.0115402 0.0152495 0.0101415 0.00845584 0.0127346 0.00861257 0.911604 0.00603661 
0.00421877 0.00286593 0.00656085 0.931674 0.00466307 0.0126528 0.00272297 0.00650709 0.0179904 0.0101441 
0.00956025 0.00589439 0.0107012 0.0156595 0.0102913 0.00888393 0.0121877 0.00861341 0.911948 0.00626042 
0.00329261 0.00503277 0.952675 0.00993438 0.00298748 0.00483318 0.00422296 0.00745322 0.00496867 0.00459951 
0.00506147 0.00272492 0.00828443 0.00293654 0.948889 0.00490568 0.00571417 0.00832264 0.00479816 0.00836341 
0.00226101 0.0026729 0.00638002 0.00863571 0.00284982 0.00525998 0.00298386 0.957015 0.00490771 0.00703427 
0.959671 0.00182528 0.00667462 0.00396462 0.00349074 0.00565954 0.00430098 0.00430766 0.00468206 0.00542385 
0.00446626 0.00346737 0.00823738 0.00901764 0.00797375 0.43122 0.513588 0.0049121 0.0110678 0.00604899 
0.949206 0.0020074 0.00853406 0.00427309 0.00737799 0.0070666 0.00465312 0.00598053 0.00491991 0.00598153 
0.00364762 0.00356286 0.00983729 0.00611833 0.00936425 0.0154569 0.933545 0.00375257 0.0101568 0.00455836 
0.00819533 0.00506719 0.00919918 0.0134091 0.00983135 0.0348179 0.0178061 0.00769103 0.887365 0.00661826 
0.00827892 0.00542253 0.00993236 0.0127287 0.0123184 0.0101035 0.0362884 0.00774294 0.891317 0.00586695 
0.0094147 0.00444396 0.0126591 0.360714 0.00934617 0.55017 0.0104631 0.00981279 0.0200378 0.0129381 
0.00944119 0.00581713 0.0101897 0.0189018 0.00986935 0.00807638 0.0119243 0.00817006 0.911969 0.00564097 
0.00294339 0.00339711 0.00668305 0.00459989 0.00558759 0.00724884 0.956105 0.00283257 0.00712794 0.00347471 
0.0111647 0.00582379 0.0125556 0.0254358 0.0119995 0.0157661 0.0125606 0.0104062 0.884188 0.0101 
0.00401544 0.0027014 0.00374958 0.0103056 0.013294 0.0133962 0.0036166 0.0178841 0.0135208 0.917516 
0.915122 0.00310822 0.0130296 0.0189082 0.00613697 0.010462 0.00687478 0.00733448 0.0102842 0.00873964 
0.00250235 0.00281048 0.00733644 0.00907007 0.00416155 0.0057013 0.00329394 0.952232 0.00539068 0.00750107 
0.00209236 0.966997 0.00267479 0.00378485 0.00254477 0.00435124 0.00290069 0.00451379 0.00646341 0.00367686 
0.00350009 0.00242077 0.0029601 0.00995589 0.0125402 0.00799008 0.00282676 0.0203564 0.0118251 0.925625 
0.0042182 0.00251303 0.00573681 0.0195633 0.00676743 0.929006 0.0111055 0.00550733 0.00894531 0.0066366 
0.00366878 0.0057464 0.945246 0.0125059 0.00283972 0.00549915 0.00469067 0.00785303 0.0068783 0.00507203 
0.957839 0.00188875 0.00684771 0.00424382 0.0036125 0.00609616 0.00444984 0.00450187 0.00491684 0.00560348 
0.0053268 0.00325 0.0132799 0.00480142 0.927971 0.00632377 0.00767406 0.0152588 0.00648576 0.00962808 
0.0032407 0.00524957 0.95326 0.00983905 0.0025163 0.00483697 0.0042557 0.00750831 0.00467875 0.00461431 
0.00511921 0.00273528 0.00846721 0.00288243 0.950555 0.00474708 0.00578708 0.00796008 0.00463019 0.00711688 
0.0090734 0.00276755 0.0069455 0.00844274 0.00885517 0.010389 0.0038976 0.933674 0.00594642 0.010009 
0.00358543 0.00380988 0.00865404 0.00579351 0.00813267 0.00844007 0.937851 0.00370452 0.0155508 0.00447819 
0.00892072 0.00930968 0.0138915 0.0165319 0.0114893 0.00965861 0.0117453 0.00938744 0.901735 0.00733104 
0.00512226 0.00273995 0.00854242 0.00287462 0.950419 0.0048293 0.00581192 0.00803126 0.0047825 0.00684663 
0.00207412 0.967186 0.00260381 0.00370083 0.00254238 0.00438261 0.00289131 0.00451309 0.00643641 0.0036693 
0.00226693 0.00267702 0.00634997 0.00867338 0.00286135 0.00525988 0.00298274 0.956524 0.00498387 0.00742052 
0.00585767 0.00355742 0.00805392 0.865221 0.00614787 0.0115972 0.00433655 0.00731418 0.0777549 0.010159 
0.00575206 0.0031833 0.00963164 0.004824 0.925756 0.0107019 0.00724413 0.00852957 0.0163049 0.00807242 
0.0120559 0.00460076 0.0125005 0.0117544 0.806596 0.0123222 0.00865879 0.0160093 0.0142953 0.101207 
0.947725 0.00213995 0.008269 0.00735495 0.00482508 0.00735803 0.00492979 0.00503188 0.0061143 0.00625217 
0.00321513 0.00498608 0.954361 0.00974837 0.00235065 0.00475694 0.00413225 0.00734275 0.00459434 0.0045127 
0.00622263 0.00270739 0.00729885 0.0227344 0.0065765 0.917986 0.0113383 0.00585522 0.0122418 0.00703934 
0.943087 0.00226885 0.00872117 0.00709904 0.00431903 0.00900758 0.0053 0.00558645 0.00804781 0.00656328 
0.00209041 0.966758 0.00281236 0.00380817 0.00259995 0.00435328 0.00290555 0.00456213 0.00642526 0.0036847 
0.00231768 0.00270554 0.00684436 0.00878621 0.00301882 0.00534472 0.00304331 0.95534 0.00504944 0.00754957 
0.00987996 0.0059417 0.00992807 0.0146035 0.0098839 0.00790357 0.0122518 0.00813793 0.91606 0.00540934 
0.00330476 0.00339201 0.00718772 0.00648779 0.00639891 0.0160402 0.941088 0.00326467 0.00884656 0.00398934 
0.00567887 0.00342895 0.00800356 0.0076647 0.781614 0.0147613 0.00638177 0.0175598 0.0112604 0.143647 
0.00293868 0.00284406 0.00612744 0.00958309 0.00500199 0.00696441 0.00348935 0.893838 0.00721352 0.0619995 
0.00929137 0.00570031 0.0095598 0.0128778 0.0132202 0.0101162 0.012866 0.00802224 0.912851 0.00549491 
0.00399813 0.00227491 0.00536389 0.0164389 0.00582698 0.923736 0.024912 0.00402802 0.00816161 0.0052596 
0.00235312 0.00266919 0.00637623 0.00860358 0.00288026 0.00529024 0.00299012 0.956888 0.004941 0.00700816 
0.00317262 0.00343573 0.00727232 0.00495963 0.00577172 0.00771893 0.953451 0.00300207 0.00753842 0.00367794 
0.00358813 0.00245515 0.00298211 0.0084554 0.0142627 0.00785226 0.00291112 0.0180246 0.0126331 0.926835 
0.00328062 0.0049728 0.953243 0.0099859 0.00278356 0.00481999 0.00418376 0.00732319 0.00482266 0.00458474 
0.00355007 0.00242013 0.00303246 0.00869163 0.019727 0.00819424 0.00291899 0.0184887 0.0111309 0.921846 
0.00414944 0.00266687 0.00432887 0.00750081 0.102914 0.00832927 0.00379803 0.0157032 0.00990185 0.840708 
0.945962 0.0021646 0.00783677 0.00890955 0.0045581 0.00784673 0.00486174 0.00506794 0.00635501 0.00643748 
0.00376383 0.00208819 0.00454569 0.00965857 0.00568404 0.944619 0.0130286 0.00384705 0.00771444 0.00505088 
0.00408252 0.00225561 0.00533686 0.0218569 0.00575012 0.930983 0.0112712 0.00432386 0.00854161 0.0055984 
0.0302586 0.00377945 0.00877723 0.0125517 0.00668199 0.0416839 0.00626548 0.825491 0.0100054 0.0545057 
0.00294281 0.00336659 0.0065882 0.00462104 0.00555384 0.00742225 0.955805 0.00284725 0.00711967 0.00373312 
0.952386 0.00207107 0.00818401 0.00483307 0.00403925 0.00657546 0.00500706 0.00505228 0.00547245 0.00637911 
0.00430832 0.00286952 0.00594882 0.0289992 0.00998437 0.912958 0.0103316 0.0051372 0.0114017 0.00806163 
0.951414 0.00207071 0.00788863 0.00501669 0.00494241 0.00695974 0.00482303 0.00502016 0.00570296 0.00616164 
0.00402483 0.00269213 0.00566236 0.940448 0.00434564 0.010304 0.00234154 0.00531493 0.0148315 0.0100349 
0.00217648 0.964768 0.00273436 0.00404815 0.0026791 0.00476748 0.00303522 0.00466277 0.00720929 0.003919 
0.96016 0.00179936 0.00660895 0.00386124 0.00340257 0.0058515 0.00427905 0.00423041 0.00449416 0.00531274 
0.0040396 0.00277958 0.00555631 0.940195 0.00434878 0.0106919 0.00235849 0.00531349 0.0147405 0.00997624 
0.00322566 0.00489436 0.951735 0.00970303 0.00261977 0.00483358 0.00411697 0.00951589 0.00469546 0.00466071 
0.00207736 0.96706 0.00259739 0.00379099 0.00254727 0.00445577 0.00289624 0.00453969 0.00630571 0.00372926 
0.00513577 0.0027555 0.00847602 0.00294061 0.94947 0.00478259 0.00582979 0.00822992 0.00490995 0.00746942 
0.0334662 0.0212513 0.0610479 0.292287 0.0453932 0.230768 0.0471301 0.0680308 0.128647 0.0719777 
0.00644511 0.00430753 0.0188421 0.897209 0.00739122 0.0161888 0.00521046 0.00898349 0.0225887 0.0128335 
0.00918705 0.00559759 0.0109361 0.0145878 0.0111083 0.0245372 0.0126648 0.00940044 0.893655 0.00832518 
0.00228651 0.00267243 0.00638536 0.00888403 0.0029119 0.00532447 0.00298782 0.955788 0.00497188 0.00778785 
0.00670606 0.00385468 0.0132476 0.00773892 0.911242 0.0104166 0.00803496 0.0109684 0.0127657 0.0150252 
0.00970735 0.00606391 0.0100513 0.0150139 0.01001 0.00835114 0.0122748 0.00844539 0.914361 0.00572162 
0.00498041 0.00907444 0.265349 0.0168823 0.00469059 0.00872334 0.00535877 0.667447 0.00903938 0.00845441 
0.00512379 0.00274877 0.00848647 0.00293968 0.949802 0.00502058 0.00592251 0.00806312 0.00477149 0.00712155 
0.00932032 0.00949238 0.0203457 0.0224257 0.0122232 0.0119094 0.013445 0.0111417 0.880553 0.00914353 
0.00978671 0.0059989 0.00989335 0.0137015 0.0100264 0.0078713 0.0124926 0.00828005 0.916445 0.00550415 
0.00226431 0.0026821 0.00638699 0.00875622 0.0028695 0.00523554 0.00298272 0.956494 0.0049978 0.00733105 
0.00799905 0.00400059 0.00748228 0.241765 0.00657558 0.00876743 0.00621629 0.00622149 0.705011 0.00596121 
0.00215566 0.96494 0.00270301 0.00414712 0.00284033 0.0047859 0.00302064 0.00463935 0.00690911 0.00385917 
0.00208309 0.966797 0.00260742 0.00373143 0.00254986 0.00438377 0.00290174 0.00457106 0.00670406 0.00367086 
0.00230727 0.00272658 0.00755504 0.00897388 0.00287427 0.00532511 0.00303723 0.955048 0.00518282 0.00696998 
0.0105523 0.00668345 0.0151303 0.0689015 0.123623 0.0269408 0.010612 0.0248936 0.0297215 0.682941 
0.00328735 0.00497945 0.952558 0.0102661 0.00243492 0.00484804 0.00426871 0.00745087 0.00533981 0.0045668 
0.00236375 0.00267545 0.00638053 0.0087213 0.00291547 0.00535031 0.00300501 0.956257 0.0049641 0.00736699 
0.00295335 0.00338728 0.00659942 0.00465172 0.00567234 0.00756843 0.954904 0.00282725 0.00798376 0.00345242 
0.00310769 0.00350559 0.0079634 0.00515443 0.00597548 0.00747217 0.951466 0.00310849 0.0083026 0.00394428 
0.960478 0.00179145 0.00655151 0.00378434 0.0033861 0.00573785 0.0042605 0.00421041 0.00451836 0.00528123 
0.0046037 0.00524674 0.928198 0.0147741 0.00414814 0.00799269 0.00589163 0.0107997 0.0105217 0.00782376 
0.00317024 0.00933594 0.948737 0.00982774 0.0024848 0.00507128 0.00486617 0.00715091 0.00483315 0.00452282 
0.00943011 0.00581239 0.0105914 0.0172487 0.0109114 0.00930082 0.0120913 0.00929752 0.906677 0.00863943 
0.00361241 0.00247024 0.00305585 0.00933886 0.0146073 0.00822434 0.00295885 0.0183102 0.0129887 0.924433 
0.00358991 0.00241937 0.00295586 0.00820074 0.0188764 0.00773355 0.00289486 0.0170051 0.0130382 0.923286 
0.00379395 0.00497837 0.945265 0.0123414 0.00303354 0.00579274 0.00470258 0.00870953 0.00588635 0.0054962 
0.862604 0.0044348 0.0445434 0.0148395 0.00912347 0.0128918 0.00944526 0.0114393 0.0194321 0.0112464 
0.00207309 0.967067 0.00260709 0.00375489 0.0025391 0.00443783 0.00288791 0.0045894 0.00631137 0.00373208 
0.00525354 0.00283543 0.00871706 0.00333622 0.94655 0.00596241 0.00605329 0.00824556 0.00513451 0.00791222 
0.00217466 0.965198 0.00278312 0.00397265 0.00272473 0.0046546 0.00302037 0.00470931 0.00678825 0.00397438 
0.00511827 0.00273969 0.00866617 0.00288322 0.950489 0.00470504 0.00578938 0.00799214 0.00461884 0.00699869 
0.960668 0.0017847 0.00645581 0.00372977 0.00338068 0.00565172 0.00423898 0.00426075 0.00444306 0.005387 
0.00234186 0.00274189 0.00671292 0.00935027 0.00297657 0.00556774 0.00308838 0.95473 0.00531398 0.00717594 
0.00410715 0.00271237 0.00577542 0.93982 0.0044548 0.0103984 0.00237707 0.00535292 0.0149423 0.0100595 
0.00429862 0.00282471 0.00624974 0.00975576 0.00431133 0.00791593 0.00355698 0.908828 0.00687078 0.0453879 
0.00232067 0.00267093 0.00640606 0.00887461 0.00286073 0.00529854 0.00298606 0.956638 0.00492296 0.00702097 
0.00232294 0.00265537 0.00621461 0.00862638 0.00291749 0.00529245 0.00296373 0.954614 0.00499043 0.0094029 
0.00323773 0.00533932 0.952304 0.0109418 0.00240701 0.00485887 0.00413725 0.00744515 0.00473061 0.00459824 
0.00373392 0.00209443 0.00459238 0.00931015 0.00581221 0.944833 0.0129204 0.00390266 0.00755677 0.00524371 
0.020508 0.0126518 0.0404954 0.394209 0.0306518 0.224509 0.0271483 0.0286202 0.175393 0.0458142 
0.960479 0.00179284 0.00665639 0.00387526 0.00337628 0.00554172 0.00423576 0.00422199 0.00454377 0.00527747 
0.00345872 0.00476022 0.944729 0.00952052 0.00272752 0.0052157 0.0124656 0.00728876 0.00522528 0.0046091 
0.00408853 0.00272217 0.00580418 0.939364 0.00439877 0.0102197 0.0023921 0.00538475 0.0155911 0.0100343 
0.00960818 0.00571546 0.0154255 0.0599757 0.0154232 0.822554 0.0171902 0.0132078 0.0247549 0.0161452 
0.00208581 0.966632 0.00265075 0.00383522 0.00261734 0.0045745 0.0029247 0.00456555 0.006337 0.00377688 
0.00464636 0.00314822 0.00504538 0.00998305 0.0260207 0.00960288 0.00439226 0.0289183 0.0201999 0.888043 
0.00231623 0.00267302 0.006448 0.00873567 0.00283383 0.00528365 0.00298783 0.956967 0.00490789 0.00684713 
0.00343071 0.00235066 0.00272409 0.0080748 0.0139556 0.00755306 0.00270041 0.0171942 0.0110242 0.930992 
0.00366695 0.00205361 0.00437392 0.00891659 0.00574548 0.946014 0.0130811 0.00376244 0.00738196 0.00500422 
0.00403785 0.00269865 0.0056386 0.940356 0.00438064 0.0102975 0.00235379 0.00534773 0.014752 0.0101376 
0.00340965 0.00234556 0.00272569 0.00841666 0.0125741 0.0086996 0.00273518 0.0179176 0.0111976 0.929978 
0.00958059 0.00258131 0.00599202 0.198109 0.00603482 0.746223 0.00741762 0.00524181 0.0114109 0.00740993 
0.00482399 0.00285669 0.00583589 0.00961594 0.00692447 0.485415 0.00953361 0.00475157 0.465062 0.00518112 
0.00319953 0.00343759 0.00834071 0.00517311 0.00808444 0.00717571 0.949561 0.00393394 0.00722566 0.00386813 
0.00496995 0.00339526 0.0135691 0.91338 0.00562264 0.0152714 0.00385593 0.00837291 0.019901 0.0116614 
0.00209456 0.966591 0.0026183 0.00372342 0.00255426 0.00440691 0.00291812 0.00452922 0.0068522 0.00371231 
0.0040547 0.0027053 0.00573897 0.940413 0.0043518 0.0101434 0.00234766 0.00533019 0.014896 0.010019 
0.0023995 0.00275744 0.00667696 0.00932095 0.00317418 0.00572278 0.00315105 0.954014 0.00530331 0.00747976 
0.00382178 0.00206334 0.00442972 0.0087695 0.00629868 0.945505 0.0128706 0.00381876 0.00747186 0.00495121 
0.00371971 0.00246962 0.00307509 0.00856657 0.0157898 0.00868713 0.00300157 0.017144 0.0120914 0.925455 
0.959824 0.00178396 0.00647213 0.0038024 0.00341115 0.00645508 0.00428065 0.00417429 0.00445542 0.00534131 
0.00368861 0.0042701 0.917356 0.00855424 0.0370739 0.00511149 0.00453079 0.00802837 0.00500005 0.00638694 
0.00468187 0.00255776 0.00581239 0.0248711 0.00694234 0.91949 0.0110976 0.00524802 0.0106496 0.00864951 
0.00763093 0.00457755 0.0078534 0.0117666 0.00850731 0.073626 0.0118326 0.00673947 0.86237 0.00509593 
0.0139719 0.00540863 0.0155608 0.817654 0.0106737 0.0578257 0.00882577 0.0134957 0.0397057 0.0168779 
0.0246455 0.0178445 0.464884 0.0541731 0.190326 0.0457294 0.0570792 0.0431725 0.0639409 0.0382058 
0.00207362 0.967124 0.00258927 0.00375024 0.00256078 0.00446712 0.00289458 0.00453033 0.00629317 0.00371719 
0.00320799 0.00336898 0.688679 0.273055 0.00302555 0.00674289 0.00319072 0.00610787 0.00703449 0.00558783 
0.0070506 0.0044269 0.0100408 0.0249538 0.0116305 0.83386 0.0127913 0.0243501 0.0255255 0.0453709 
0.00352592 0.00240854 0.00290417 0.0106307 0.014255 0.00802703 0.00281553 0.0167509 0.0116879 0.926994 
0.00291003 0.00335929 0.00713109 0.0045184 0.00651685 0.00689064 0.955384 0.00286733 0.00693839 0.00348437 
0.00525582 0.00368767 0.00595393 0.930857 0.00557165 0.0134236 0.00288684 0.00584022 0.0154726 0.011051 
0.00378019 0.00209626 0.00442204 0.00894559 0.00575447 0.945318 0.0128685 0.00385527 0.0074911 0.00546902 
0.00951252 0.00590555 0.0112078 0.0134488 0.0105546 0.00839237 0.012754 0.00820085 0.914536 0.00548704 
0.00226845 0.00266607 0.00630106 0.00862902 0.00287144 0.00527849 0.00297403 0.955961 0.0049464 0.0081038 
0.0038593 0.00259215 0.00355451 0.00827059 0.027161 0.0079928 0.00330934 0.0195489 0.0130754 0.910636 
0.00235161 0.00268107 0.00620317 0.00890669 0.00312804 0.00555764 0.00303164 0.950734 0.00524333 0.0121631 
0.00227511 0.00267282 0.0063778 0.00871085 0.00290408 0.0052993 0.00298637 0.955671 0.00500334 0.00809886 
0.004157 0.0027369 0.00574609 0.939363 0.00451881 0.0102972 0.00242644 0.00545785 0.0150396 0.0102571 
0.940867 0.00214464 0.00899632 0.00484427 0.00417401 0.0113702 0.0116375 0.00460209 0.00565471 0.00570887 
0.00226612 0.00267405 0.00637523 0.0086465 0.00285386 0.00525531 0.00298389 0.956339 0.00499514 0.00761081 
0.00376003 0.00208317 0.00448769 0.00957927 0.00569107 0.945005 0.0129736 0.00384639 0.00750736 0.00506601 
0.0040435 0.00275366 0.00393867 0.0094016 0.0295029 0.00844325 0.00356131 0.0198499 0.0135026 0.905003 
0.00226523 0.00268032 0.00646819 0.0092866 0.00282096 0.00527468 0.00298675 0.956559 0.00496201 0.0066964 
0.0124625 0.00768901 0.017614 0.0337018 0.0153894 0.0189963 0.0155171 0.0161419 0.840334 0.0221541 
0.00229972 0.00267272 0.00643264 0.00870634 0.00281423 0.00523547 0.00298118 0.957383 0.00486739 0.00660686 
0.00458456 0.00482305 0.940706 0.012969 0.00305721 0.00620744 0.00486652 0.0110239 0.00586487 0.00589723 
0.00231206 0.00267204 0.00639774 0.00866134 0.0028253 0.00525649 0.00298501 0.957114 0.00490205 0.00687427 
0.00234733 0.00272356 0.00704301 0.00909866 0.00286667 0.00533554 0.00304409 0.955708 0.00506411 0.006769 
0.00514941 0.00275499 0.00837926 0.00301062 0.948401 0.00511253 0.0058125 0.0080498 0.00513253 0.00819769 
0.00359416 0.00242185 0.00294711 0.00834926 0.0122166 0.00767808 0.00283643 0.0236586 0.0119989 0.924299 
0.0149764 0.00322725 0.00876919 0.0127937 0.00490212 0.0114426 0.00466604 0.917827 0.00792713 0.0134688 
0.0155715 0.00989623 0.0291733 0.0369729 0.0240845 0.0458137 0.023257 0.0232888 0.768503 0.0234389 
0.00207112 0.967195 0.00258518 0.00368412 0.00254998 0.00438213 0.00288552 0.00457396 0.00634973 0.00372288 
0.00211159 0.965404 0.00269415 0.00482293 0.00264169 0.00462523 0.00291805 0.00458753 0.00639327 0.00380115 
0.00415308 0.00257367 0.00594976 0.840287 0.0048603 0.111561 0.00378123 0.00515734 0.0132607 0.00841515 
0.0022286 0.963756 0.00303093 0.00428727 0.00282605 0.00459969 0.00307744 0.00483821 0.00746308 0.00389261 
0.00289356 0.00334699 0.00662502 0.00449991 0.00580344 0.00687031 0.9569 0.00276395 0.00691457 0.00338244 
0.00468932 0.00305181 0.00691925 0.925548 0.00525309 0.0114059 0.00308481 0.00623437 0.0227215 0.0110915 
0.0040538 0.00274599 0.00560391 0.935566 0.0044944 0.0153801 0.00253406 0.00532288 0.0144532 0.00984551 
0.00512276 0.00275026 0.00846619 0.00294519 0.949413 0.00479923 0.00579671 0.00832977 0.00469187 0.00768515 
0.00431713 0.00735016 0.937294 0.0130617 0.00315716 0.00700798 0.00741945 0.00727034 0.00792346 0.00519896 
0.0048827 0.00309706 0.00708852 0.928816 0.00552549 0.0140913 0.00315525 0.00622132 0.0163695 0.0107526 
0.0034804 0.0051366 0.94009 0.00982557 0.00338983 0.00615423 0.00939634 0.0107236 0.00657866 0.00522429 
0.00709944 0.0040182 0.0124589 0.00711347 0.914106 0.00969283 0.00859054 0.0112818 0.0140256 0.0116127 
0.00362315 0.00248518 0.0030444 0.00970276 0.0128539 0.00789813 0.00294831 0.0185552 0.0143232 0.924566 
0.00538931 0.00327878 0.0293786 0.00405406 0.922545 0.00558933 0.00599741 0.00824181 0.00805677 0.00746886 
0.00292985 0.00338048 0.00669693 0.00457611 0.00563956 0.00705409 0.956344 0.0028158 0.00710406 0.00345921 
0.00514185 0.00275688 0.00847981 0.0029704 0.949538 0.00488535 0.00582664 0.00801433 0.00495232 0.00743459 
0.00259879 0.00278869 0.00826549 0.0107875 0.0029901 0.00563423 0.00318373 0.950842 0.00584017 0.00706892 
0.0171989 0.0138837 0.0402957 0.0461513 0.0284762 0.0346545 0.0217489 0.544151 0.181548 0.0718919 
0.00421828 0.00295958 0.00577711 0.921179 0.00476859 0.0281538 0.0030196 0.00551597 0.0147584 0.00965004 
0.0049212 0.00326033 0.00486754 0.01063 0.0165125 0.00995644 0.00467738 0.0174323 0.0707552 0.856987 
0.00396809 0.00498242 0.938219 0.0160894 0.00442232 0.00648428 0.00505261 0.00829795 0.00666258 0.00582132 
0.00235753 0.00279695 0.0135869 0.00980114 0.00281435 0.0052739 0.00308311 0.948286 0.00542584 0.00657435 
0.00246647 0.959126 0.00318644 0.00497215 0.00324283 0.00592777 0.00344345 0.00517927 0.00779247 0.00466319 
0.00926112 0.0059604 0.0143601 0.017623 0.0098213 0.0085234 0.0118465 0.00872289 0.907826 0.00605503 
0.00860708 0.00526427 0.0094456 0.0142432 0.0220881 0.00853188 0.0107792 0.0093709 0.895743 0.0159265 
0.00341663 0.00217857 0.00467945 0.00783953 0.00552918 0.891937 0.0691589 0.00350692 0.00718753 0.00456653 
0.0020792 0.9669 0.00262021 0.0036872 0.00255182 0.0045493 0.00291397 0.00451624 0.00647262 0.0037091 
0.00207669 0.96694 0.0025975 0.00375913 0.00255478 0.00450555 0.00289948 0.00454093 0.00638823 0.00373737 
0.00234908 0.959566 0.00299288 0.00428268 0.00294881 0.00474098 0.00324504 0.00486698 0.0109614 0.00404626 
0.00443891 0.00298922 0.00788735 0.93217 0.00480198 0.0109537 0.00282126 0.00601194 0.0172716 0.0106536 
0.00292677 0.00337537 0.00660277 0.00455776 0.00571178 0.00701205 0.956187 0.00280764 0.00734975 0.00346899 
0.0112522 0.00999953 0.270085 0.0606397 0.0258744 0.0259814 0.0121464 0.119726 0.0259114 0.438384 
0.00226767 0.00267627 0.0063231 0.00862355 0.0028642 0.00529177 0.00298285 0.956095 0.00498116 0.00789422 
0.00370864 0.00252895 0.00314134 0.00961347 0.0123532 0.00836871 0.00303663 0.0172477 0.0129693 0.927032 
0.00406003 0.00278892 0.0057115 0.940397 0.00438333 0.0103023 0.00236675 0.00540058 0.0145499 0.0100393 
0.96044 0.0018 0.00678469 0.0038413 0.00338526 0.00542399 0.00424611 0.00422426 0.0045582 0.00529575 
0.00344815 0.00495246 0.947863 0.0120511 0.0026021 0.00535242 0.00441708 0.00749161 0.00706922 0.00475334 
0.00294324 0.00339965 0.00668177 0.00459844 0.00570903 0.00713702 0.956109 0.00283412 0.00711256 0.00347469 
0.00968928 0.00598665 0.00982515 0.0136235 0.00988164 0.00760042 0.0134004 0.0081217 0.9165 0.00537142 
0.00341028 0.00350975 0.00745543 0.0131622 0.00646217 0.014687 0.93111 0.00342937 0.0125313 0.00424231 
0.0433997 0.0211659 0.469096 0.0635045 0.10794 0.0602606 0.0423599 0.0604619 0.0770675 0.0547434 
0.00352701 0.00247096 0.00389982 0.01013 0.0133249 0.0080963 0.00289651 0.0202331 0.0107983 0.924623 
0.00212061 0.965889 0.00265986 0.00379583 0.00260135 0.00451232 0.00298417 0.00455998 0.00712687 0.00375014 
0.00312208 0.00352254 0.0146642 0.005056 0.00630748 0.00715861 0.945422 0.00317085 0.00787696 0.00369917 
0.960664 0.00179719 0.00653599 0.00377149 0.00340739 0.00552831 0.0042531 0.0042183 0.00450984 0.00531486 
0.0035351 0.00242174 0.00292587 0.00835849 0.0143102 0.0081604 0.00286273 0.0181951 0.0112881 0.927942 
0.00407542 0.0027261 0.00600879 0.939392 0.00437611 0.0105963 0.00239437 0.00553914 0.0147643 0.0101279 
0.00243485 0.00267397 0.00634561 0.00889307 0.00306472 0.00554266 0.00302308 0.953015 0.00510102 0.00990625 
0.00352399 0.0035518 0.00802745 0.00515865 0.00732316 0.00893965 0.948156 0.00331696 0.00768197 0.00432046 
0.00293976 0.00337613 0.00679195 0.00460427 0.00610501 0.00701257 0.955801 0.00286228 0.00702103 0.00348553 
0.00930159 0.00633763 0.021841 0.0182827 0.707189 0.120715 0.015859 0.0136533 0.07447 0.0123505 
0.00206924 0.967248 0.00259969 0.00368293 0.00254088 0.00440327 0.0028849 0.0045539 0.00629538 0.00372162 
0.157378 0.00548459 0.0103109 0.748852 0.00711859 0.0268441 0.00625486 0.00848044 0.0167037 0.0125735 
0.0717625 0.0243767 0.31767 0.15999 0.0491401 0.0899514 0.0454193 0.0697167 0.106318 0.0656552 
0.00452443 0.00518792 0.921891 0.0164735 0.0039347 0.00726145 0.0057248 0.00973112 0.0189126 0.00635849 
0.00394015 0.00210527 0.00434169 0.00895508 0.00586433 0.943064 0.012134 0.00419839 0.00804677 0.00734987 
0.00209518 0.967051 0.00261588 0.00371424 0.00257352 0.00441461 0.00290086 0.00453968 0.00634261 0.00375275 
0.00847211 0.0173871 0.0127614 0.0152497 0.00974125 0.00899488 0.0110751 0.0086266 0.901231 0.0064605 
0.00377886 0.00212286 0.00458058 0.00995079 0.00636437 0.942994 0.0127153 0.00406318 0.00822402 0.00520563 
0.00212153 0.966129 0.00266858 0.00387713 0.00259212 0.00450328 0.00294948 0.00458898 0.00674038 0.00382921 
0.00211115 0.966075 0.00264949 0.00374101 0.00259065 0.00459538 0.00302837 0.00455116 0.00691962 0.00373784 
0.00523876 0.00308295 0.0109163 0.0126081 0.926115 0.00657606 0.00565334 0.00925369 0.00791391 0.0126418 
0.95926 0.00182583 0.00685073 0.00400637 0.00345941 0.00567792 0.00430682 0.00426637 0.0050281 0.00531831 
0.00294272 0.00336865 0.00684034 0.00457432 0.00580593 0.0070966 0.955899 0.00280862 0.00722088 0.0034427 
0.00299815 0.00337297 0.00664794 0.00457468 0.00556049 0.00716365 0.956378 0.00281136 0.00703994 0.0034524 
0.00352045 0.00240387 0.00288154 0.00829243 0.0141857 0.00770846 0.0028051 0.0169905 0.0118385 0.929373 
0.052969 0.0134165 0.168476 0.0336023 0.108233 0.0294108 0.467885 0.0688354 0.0290414 0.0281312 
0.00506133 0.00273448 0.00822102 0.00301633 0.94723 0.00483119 0.00567467 0.00852024 0.00479553 0.0099153 
0.0138445 0.01183 0.199817 0.161001 0.0199635 0.0278214 0.0155291 0.352886 0.0702928 0.127014 
0.00279659 0.00267406 0.00633657 0.0830092 0.00326002 0.00978905 0.00309351 0.874958 0.00656864 0.00751467 
0.00386799 0.00258884 0.00354177 0.00992226 0.0119501 0.0230975 0.00367442 0.0161648 0.0131732 0.912019 
0.00297335 0.00336817 0.00674824 0.00451539 0.00828647 0.00717928 0.95355 0.00291272 0.0069286 0.00353779 
0.085094 0.00566349 0.0196175 0.0315831 0.0193099 0.769949 0.0177152 0.0122523 0.0244465 0.014369 
0.00956159 0.00586549 0.00973475 0.0143157 0.00994828 0.00954127 0.0123371 0.00819055 0.914843 0.00566247 
0.949534 0.00195296 0.00725863 0.0103998 0.00364764 0.00706817 0.00432054 0.00458612 0.00544734 0.00578502 
0.00342339 0.00235024 0.00281705 0.00849808 0.0143514 0.00778196 0.00270936 0.016871 0.010968 0.93023 
0.00365217 0.00204096 0.00438974 0.0091976 0.00559976 0.946181 0.0130219 0.00373351 0.00729074 0.00489307 
0.00322091 0.00337135 0.00725291 0.00539178 0.00590986 0.0164428 0.942648 0.00315268 0.00876252 0.00384698 
0.00949233 0.00865877 0.00990655 0.859282 0.00702522 0.0130617 0.00542208 0.00989377 0.0659266 0.0113307 
0.960154 0.00180373 0.006713 0.00379596 0.00342312 0.00561824 0.0042683 0.00423512 0.00470018 0.00528829 
0.00322676 0.00504227 0.953761 0.00998573 0.00238124 0.0047934 0.0041376 0.007494 0.00463211 0.00454539 
0.00367226 0.00495775 0.94373 0.0133603 0.00281933 0.005534 0.00456199 0.00771699 0.00867637 0.00497094 
0.00984295 0.00595818 0.00981546 0.0137548 0.0100595 0.00790813 0.012338 0.00820212 0.916513 0.00560768 
0.00444471 0.00233165 0.00515955 0.0158054 0.00631033 0.932654 0.0120296 0.00443093 0.0111097 0.00572401 
0.00373301 0.00226849 0.00504383 0.00916177 0.00630207 0.922756 0.0340607 0.00390046 0.00775668 0.00501722 
0.00893315 0.00519398 0.0146378 0.0121931 0.844051 0.0310636 0.0113256 0.0165715 0.0173657 0.038665 
0.00713425 0.00514264 0.919473 0.0169074 0.00843286 0.00861436 0.00652439 0.0103337 0.00989818 0.00753874 
0.00207146 0.967113 0.00260456 0.00374606 0.00255592 0.00445685 0.0028913 0.00457255 0.0062747 0.00371374 
0.00844292 0.00473153 0.909015 0.0148266 0.00585372 0.00948732 0.0182817 0.0135739 0.00877795 0.00700884 
0.00536873 0.00288544 0.00860995 0.00445593 0.935497 0.0135868 0.00671014 0.00846287 0.00591825 0.00850452 
0.00404594 0.00282526 0.00590348 0.94038 0.00434623 0.0102311 0.00236158 0.00534867 0.0145738 0.00998401 
0.00294961 0.00342326 0.00664644 0.00461993 0.00581404 0.00725559 0.955628 0.00284954 0.00729457 0.00351925 
0.00939007 0.00653359 0.0113048 0.0183922 0.0109593 0.0102044 0.0119893 0.00931145 0.904601 0.00731401 
0.00961166 0.00579771 0.00960863 0.0150131 0.010438 0.00821823 0.0117669 0.00837122 0.914111 0.00706389 
0.00589757 0.00244407 0.0060347 0.014689 0.00629763 0.930751 0.0122899 0.00474646 0.0107369 0.00611252 
0.0035486 0.00475493 0.935268 0.0220986 0.0028472 0.00576827 0.00432737 0.0100973 0.00596752 0.00532242 
0.00447961 0.00296325 0.00695822 0.926128 0.00548208 0.0131931 0.003014 0.00595893 0.021398 0.0104252 
0.00338297 0.937971 0.00457786 0.00760429 0.00501788 0.00897928 0.00470043 0.00670494 0.0141145 0.00694679 
0.00914181 0.00560532 0.0113614 0.0321881 0.0104852 0.0106712 0.0110508 0.00901085 0.893372 0.00711333 
0.00965813 0.00590023 0.0100626 0.01404 0.00994665 0.00872847 0.013438 0.00819402 0.914512 0.00551958 
0.956659 0.00178867 0.00636649 0.00385561 0.00345687 0.0095026 0.00446086 0.00415104 0.00452625 0.00523236 
0.00448562 0.0038871 0.0229459 0.00817163 0.0059417 0.00857702 0.927794 0.00447191 0.0088574 0.00486774 
0.00324476 0.00497911 0.954083 0.00962711 0.00251682 0.00475776 0.00415548 0.00729201 0.00482302 0.0045209 
0.0032516 0.00503624 0.952481 0.0108342 0.00239915 0.00482556 0.00412069 0.00740136 0.00508229 0.00456806 
0.00325428 0.00496171 0.952983 0.00987139 0.00243073 0.00485981 0.00416077 0.0080749 0.00470842 0.00469546 
0.00379697 0.00210476 0.00447293 0.0113574 0.00573641 0.943481 0.0123928 0.00384034 0.00748278 0.00533455 
0.957872 0.00178659 0.00637391 0.00384433 0.00344163 0.00839239 0.0044095 0.00415861 0.00447739 0.00524403 
0.00512503 0.0027452 0.00858622 0.00292358 0.950013 0.00472618 0.00579068 0.00797057 0.00486798 0.00725155 
0.00408103 0.00276526 0.00665732 0.939005 0.00447854 0.0102755 0.0024323 0.00544475 0.0148037 0.010057 
0.00319317 0.00353792 0.00967816 0.00528884 0.00635113 0.00811024 0.948593 0.00325138 0.0081183 0.00387803 
0.00746832 0.557052 0.00906992 0.0167152 0.0160863 0.0186772 0.00881088 0.0229225 0.0283067 0.314891 
0.0198158 0.0123772 0.0345726 0.0450106 0.0291438 0.0345104 0.025573 0.0277306 0.736893 0.0343729 
0.00918199 0.00572223 0.0127928 0.0159747 0.0109438 0.0101045 0.0129814 0.00888569 0.905821 0.00759222 
0.00370454 0.00251871 0.00321449 0.0090698 0.0187978 0.0112493 0.00318391 0.0157769 0.0113341 0.92115 
0.00440077 0.002953 0.00454407 0.0106359 0.0152629 0.0128479 0.00413691 0.0195417 0.0132776 0.912399 
