0.00256882 0.00289658 0.00260441 0.00217866 0.985312 0.00229386 0.00214522 
0.00176457 0.00171885 0.990897 0.00130144 0.00166634 0.00141354 0.00123852 
0.00420441 0.0190175 0.343265 0.00315411 0.00363387 0.623751 0.00297421 
0.927741 0.00267052 0.0599014 0.00208536 0.00343543 0.00224662 0.00192009 
0.00198839 0.98943 0.0017119 0.00161811 0.00190828 0.00176761 0.00157569 
0.0118199 0.00258397 0.979406 0.00144658 0.00181775 0.0015649 0.00136128 
0.00179193 0.001827 0.00181146 0.989519 0.00187232 0.00166933 0.00150907 
0.538669 0.400043 0.0144401 0.00628387 0.0241752 0.011025 0.00536374 
0.00205572 0.00215089 0.989948 0.00132386 0.00181695 0.00144359 0.00126096 
0.00176334 0.00172776 0.00170822 0.989869 0.0017784 0.00164867 0.00150421 
0.00316082 0.949795 0.00286042 0.00189417 0.0381023 0.00238064 0.00180625 
0.111639 0.0208074 0.777617 0.00570215 0.0711108 0.00797356 0.00514952 
0.00367232 0.938966 0.003054 0.00216462 0.00482154 0.0452825 0.0020393 
0.00250477 0.00159057 0.00212796 0.00222976 0.987066 0.00228776 0.00219306 
0.00175555 0.00172079 0.00169554 0.989909 0.00176837 0.00164666 0.00150368 
0.0184798 0.00293585 0.969872 0.00160629 0.00374122 0.0018595 0.00150513 
0.00176152 0.00182595 0.00175772 0.989684 0.00180744 0.00165743 0.00150568 
0.0018196 0.00176027 0.00175868 0.989661 0.00182872 0.00166344 0.00150826 
0.00254126 0.00246331 0.00227109 0.00223586 0.00260155 0.985797 0.00209029 
0.0261065 0.125897 0.0255826 0.793845 0.0144672 0.00845443 0.00564705 
0.00209075 0.985641 0.00168714 0.00182255 0.0053158 0.00182105 0.00162193 
0.00395144 0.00522688 0.387815 0.00240914 0.59533 0.00297414 0.00229375 
0.00211288 0.989051 0.00164044 0.00165401 0.00217764 0.00178106 0.00158327 
0.00324863 0.00274497 0.987372 0.00137657 0.00243847 0.00150726 0.00131206 
0.00178414 0.00161277 0.991058 0.00129893 0.00160371 0.00140606 0.00123597 
0.00247419 0.00214766 0.00219876 0.00224085 0.0024993 0.986345 0.00209464 
0.939447 0.00538869 0.0256961 0.00260339 0.00394228 0.0204649 0.00245746 
0.304213 0.00995041 0.662306 0.00395461 0.00583795 0.0103884 0.00334974 
0.00195186 0.989215 0.00204966 0.00160791 0.001854 0.00175421 0.00156723 
0.00243472 0.00216439 0.00220449 0.00223972 0.00250637 0.986356 0.00209395 
0.00474939 0.162496 0.00322978 0.00298126 0.819298 0.00474841 0.00249691 
0.00235087 0.00176723 0.989604 0.00134214 0.00218983 0.00147242 0.0012731 
0.0024027 0.0352024 0.00225001 0.00210613 0.00250253 0.953548 0.00198828 
0.00175558 0.00172087 0.00169563 0.989909 0.00176842 0.00164667 0.00150368 
0.00257188 0.0052684 0.985302 0.00143091 0.00195649 0.00212997 0.00134048 
0.00187021 0.00200582 0.990476 0.00131304 0.00164022 0.00144708 0.00124741 
0.00293759 0.00171919 0.989444 0.0013841 0.00179123 0.00144807 0.00127588 
0.00171978 0.00159335 0.991119 0.00129637 0.00163878 0.00139882 0.00123389 
0.00199397 0.0022191 0.0020027 0.987441 0.00290174 0.00189408 0.00154726 
0.986068 0.00237566 0.00177076 0.00231112 0.0025606 0.00273254 0.00218145 
0.00612073 0.975364 0.00242422 0.00188339 0.00933959 0.00308938 0.00177865 
0.00813732 0.0413629 0.858277 0.0113724 0.0105456 0.0648812 0.00542307 
0.00267578 0.00216352 0.00294459 0.00222363 0.0024803 0.985438 0.00207414 
0.0531941 0.550379 0.271548 0.0101467 0.0796788 0.0159478 0.0191057 
0.0018915 0.986259 0.00172436 0.00165687 0.00505388 0.00180108 0.00161366 
0.00245017 0.00212483 0.00219648 0.00224096 0.00248927 0.986404 0.00209473 
0.00262263 0.00230972 0.00225358 0.00224685 0.00524657 0.983221 0.00209933 
0.00222964 0.00330137 0.00325136 0.984659 0.0030901 0.00188821 0.0015804 
0.00232524 0.0081651 0.982247 0.0014379 0.00262859 0.00184367 0.00135264 
0.00620059 0.00316606 0.982814 0.00153224 0.0026191 0.00225003 0.00141768 
0.00468059 0.00237179 0.956 0.00170581 0.0317726 0.00189526 0.00157426 
0.00338069 0.222735 0.00306584 0.00219793 0.763858 0.00264409 0.00211937 
0.00199147 0.989262 0.00191264 0.00161449 0.0018848 0.00174153 0.00159337 
0.00247485 0.00244374 0.00231074 0.00223769 0.00277413 0.98567 0.00208923 
0.0017476 0.00159511 0.991106 0.00129612 0.00162519 0.00139619 0.00123391 
0.305737 0.36773 0.261936 0.0117811 0.0154956 0.0210464 0.016274 
0.00243263 0.00211129 0.00219408 0.00224081 0.00248235 0.986444 0.00209494 
0.00378563 0.335116 0.0090831 0.00278014 0.64344 0.00316255 0.0026327 
0.00180201 0.0017246 0.99072 0.00130975 0.00176098 0.00143814 0.00124494 
0.00175667 0.00172267 0.00169932 0.989901 0.0017694 0.00164687 0.00150373 
0.00509209 0.00214149 0.98612 0.00141001 0.00231287 0.0015908 0.00133309 
0.00214758 0.00734737 0.984044 0.00138738 0.00212999 0.00163008 0.00131327 
0.985879 0.00244664 0.00182985 0.00230887 0.00261045 0.00274769 0.00217771 
0.00253643 0.00187082 0.00224988 0.00221052 0.986651 0.00230404 0.00217766 
0.00170652 0.00162026 0.991147 0.00129432 0.00160812 0.00139173 0.00123237 
0.00175797 0.00172767 0.00169845 0.98989 0.00177396 0.00164814 0.00150398 
0.00266838 0.0100561 0.00255826 0.00215228 0.977665 0.00280422 0.00209561 
0.00795379 0.00282516 0.966794 0.00196691 0.0150098 0.00362892 0.00182148 
0.00208652 0.957518 0.00190085 0.0324674 0.0025449 0.00186856 0.00161348 
0.0019868 0.989 0.00171039 0.00162872 0.0019284 0.00216118 0.00158444 
0.926071 0.0633367 0.00170369 0.00208951 0.00258839 0.00223678 0.0019744 
0.00247292 0.00764902 0.00338056 0.00248328 0.00274472 0.979247 0.00202277 
0.00242365 0.98696 0.00173469 0.00166362 0.00379027 0.0017867 0.00164086 
0.0183266 0.0253989 0.874905 0.00481126 0.0129921 0.0593258 0.00424069 
0.00643292 0.0209732 0.00350086 0.00221402 0.962116 0.00262889 0.00213413 
0.0018086 0.00184287 0.990432 0.00138807 0.00185011 0.00142915 0.00124968 
0.0096344 0.356283 0.0175946 0.00458369 0.600445 0.00671847 0.004741 
0.00176005 0.00172678 0.00170242 0.989879 0.00177996 0.00164768 0.00150417 
0.00233172 0.00174492 0.989925 0.00133233 0.00195328 0.00144795 0.00126442 
0.985977 0.00261976 0.00177168 0.00231904 0.00262935 0.00250046 0.00218238 
0.00402869 0.70233 0.00237584 0.00215218 0.28451 0.00254403 0.0020595 
0.0037545 0.00354679 0.003577 0.00341728 0.00368178 0.00348558 0.978537 
0.00448224 0.00353252 0.00361182 0.00221599 0.981378 0.00264219 0.00213743 
0.00375049 0.00358879 0.00366839 0.00340867 0.00374792 0.00348692 0.978349 
0.982721 0.00261204 0.00408897 0.00224959 0.00369278 0.00252466 0.00211077 
0.00175734 0.0016168 0.990993 0.00130174 0.00167858 0.00141431 0.00123822 
0.00281721 0.983926 0.00221585 0.00171996 0.00438551 0.00327901 0.00165682 
0.00230772 0.984964 0.00178123 0.00167413 0.0058228 0.00182195 0.00162837 
0.00179201 0.00183644 0.00179715 0.989587 0.00181678 0.00166371 0.00150729 
0.980615 0.00803783 0.00189524 0.00223096 0.00279011 0.00231861 0.00211224 
0.00385238 0.00368664 0.00369701 0.0034007 0.00378543 0.00348982 0.978088 
0.00187779 0.00194407 0.990527 0.00131333 0.00164283 0.00144738 0.00124732 
0.0026511 0.00284016 0.00230334 0.00223222 0.00260936 0.98528 0.00208386 
0.00381631 0.00356049 0.00367258 0.0034085 0.00373784 0.00349913 0.978305 
0.66892 0.0331336 0.253269 0.00565746 0.0265171 0.00733433 0.00516815 
0.00175636 0.00172133 0.00169657 0.989905 0.00176986 0.00164696 0.00150375 
0.00241499 0.00390505 0.00217567 0.00220733 0.00245465 0.984775 0.00206771 
0.00175393 0.00168374 0.990955 0.00130135 0.00163628 0.00143143 0.00123789 
0.00175607 0.00172184 0.00169621 0.989906 0.00176891 0.00164675 0.00150371 
0.982727 0.00453187 0.00234064 0.0024459 0.00349986 0.0023247 0.00213043 
0.00176105 0.00173319 0.00171277 0.989827 0.00180813 0.00165301 0.00150514 
0.00175552 0.00172073 0.00169551 0.98991 0.00176835 0.00164665 0.00150367 
0.00303036 0.00250886 0.00223192 0.00227519 0.00937568 0.978434 0.00214402 
0.00187635 0.00161861 0.990917 0.00130183 0.00163883 0.00140855 0.00123897 
0.031392 0.00436069 0.955329 0.00172154 0.00360558 0.00198086 0.00161072 
0.00232044 0.988421 0.00187459 0.00163564 0.00217288 0.00198486 0.00159013 
0.00239771 0.444556 0.00222534 0.00195352 0.544576 0.00239777 0.00189376 
0.00177254 0.00175318 0.00171997 0.989807 0.00179047 0.00165142 0.00150507 
0.00413539 0.00203757 0.00207275 0.986417 0.00205018 0.00172482 0.00156203 
0.658591 0.0142093 0.265736 0.00602728 0.0359284 0.0140762 0.0054322 
0.00173785 0.00181005 0.990548 0.00132045 0.0019162 0.00142026 0.00124691 
0.00375604 0.00358398 0.00371617 0.00340627 0.00372325 0.00348049 0.978334 
0.00218773 0.988427 0.00185473 0.00165463 0.00240246 0.00183838 0.00163485 
0.417733 0.0114878 0.541707 0.00386683 0.0169782 0.00462856 0.00359807 
0.00386245 0.97706 0.00235919 0.00181597 0.0108972 0.00227837 0.00172649 
0.00175755 0.00172203 0.00170015 0.989897 0.00177161 0.00164755 0.00150388 
0.00985201 0.012496 0.965213 0.0019877 0.00351694 0.00513979 0.00179482 
0.00426335 0.00494761 0.975024 0.00163072 0.0103145 0.00228318 0.00153693 
0.00383053 0.00375178 0.00368098 0.00339837 0.00368941 0.0034988 0.97815 
0.00278402 0.00294067 0.00236196 0.00222693 0.00285876 0.984747 0.00208114 
0.449497 0.468243 0.0174548 0.00856466 0.0417753 0.00864175 0.00582424 
0.804718 0.0349082 0.00695548 0.00517608 0.0159329 0.127643 0.00466701 
0.00246937 0.00281092 0.00222787 0.00222937 0.002583 0.985596 0.00208372 
0.00381728 0.00357835 0.00360863 0.00341223 0.00369334 0.00348616 0.978404 
0.00440369 0.981456 0.0020706 0.00180079 0.00624006 0.00232143 0.00170757 
0.00183923 0.00180119 0.00208462 0.989115 0.00197983 0.00166977 0.00151041 
0.00292496 0.972129 0.00353416 0.00215521 0.0152309 0.0022508 0.0017748 
0.986029 0.00267368 0.00178745 0.00230561 0.00261347 0.00241506 0.00217566 
0.157156 0.0167915 0.0805607 0.005889 0.726695 0.00748865 0.00541955 
0.0109412 0.0587594 0.0100065 0.840322 0.0684792 0.00671508 0.00477642 
0.00177012 0.00175356 0.00175629 0.989764 0.0018001 0.00165105 0.00150505 
0.0017956 0.00182987 0.00177453 0.989637 0.00180299 0.00165438 0.0015061 
0.00248034 0.0022577 0.00224785 0.00223672 0.00251964 0.986167 0.00209088 
0.00197892 0.98818 0.00210084 0.00165263 0.00216694 0.00188316 0.0020379 
0.00204218 0.00166574 0.990659 0.00131007 0.00163481 0.00141153 0.00127655 
0.00178163 0.00184354 0.00180193 0.989614 0.00178371 0.00166926 0.0015059 
0.00258604 0.00184592 0.00209862 0.00221038 0.98679 0.00228168 0.00218689 
0.00205831 0.00265611 0.00239164 0.987529 0.00210949 0.00172668 0.00152893 
0.00175564 0.00172144 0.00169563 0.989908 0.00176847 0.00164668 0.00150369 
0.00175418 0.00188566 0.990812 0.00130253 0.00160216 0.00140424 0.00123874 
0.00221438 0.00163051 0.990513 0.00131273 0.00166079 0.00142006 0.00124887 
0.00175655 0.00172341 0.00169791 0.989901 0.00176993 0.00164702 0.00150377 
0.00479366 0.974109 0.00362413 0.002278 0.00722386 0.00599962 0.00197167 
0.00184751 0.00166049 0.990664 0.00131368 0.00182408 0.00144228 0.00124832 
0.00230562 0.969929 0.00187321 0.00171946 0.0206374 0.00185993 0.0016749 
0.00202769 0.00171226 0.990533 0.00132177 0.0016255 0.00152463 0.00125519 
0.00175572 0.00172105 0.00169581 0.989908 0.00176867 0.0016467 0.00150369 
0.0514772 0.0346801 0.0834987 0.00654729 0.80096 0.016778 0.00605894 
0.0501275 0.00541032 0.823638 0.00325519 0.110897 0.00360833 0.00306404 
0.00178954 0.00188027 0.00177487 0.989536 0.00184497 0.00166614 0.00150807 
0.00706717 0.0258404 0.00334307 0.00239937 0.00369651 0.955421 0.00223264 
0.00176196 0.0017604 0.00170762 0.989842 0.00177558 0.00164849 0.00150432 
0.0017592 0.00172939 0.00170319 0.98988 0.00177595 0.00164801 0.00150406 
0.00241139 0.977311 0.00203168 0.00176931 0.0122991 0.0021038 0.00207373 
0.00171789 0.00181049 0.990755 0.00130604 0.00174374 0.00142452 0.00124208 
0.00256117 0.00232066 0.00221728 0.00223922 0.00258342 0.985986 0.00209237 
0.00272984 0.00221844 0.989081 0.00135586 0.00178055 0.0015522 0.00128259 
0.00182019 0.00183246 0.00181836 0.989491 0.00186908 0.00165994 0.00150889 
0.00320818 0.968289 0.00212791 0.00180064 0.0207344 0.00211021 0.00172935 
0.00445754 0.00223144 0.986794 0.00139443 0.00224815 0.00155347 0.00132109 
0.00175553 0.00172074 0.00169555 0.989909 0.00176844 0.00164666 0.00150368 
0.00271008 0.00211645 0.988482 0.00137587 0.00171648 0.00229443 0.00130492 
0.00364128 0.967771 0.00246839 0.00183411 0.0201945 0.00233543 0.00175498 
0.00177882 0.00178075 0.0017599 0.989711 0.00180524 0.00165837 0.00150615 
0.00227768 0.00185142 0.989651 0.00134958 0.00206967 0.00152443 0.00127651 
0.00317283 0.979479 0.00252606 0.00175211 0.00929959 0.00208766 0.00168285 
0.00176523 0.00175279 0.00171932 0.98983 0.00177606 0.0016519 0.00150447 
0.00326926 0.00546842 0.00381731 0.00221973 0.00366603 0.9795 0.00205931 
0.00269559 0.00229345 0.00214444 0.00220172 0.986087 0.00240441 0.00217341 
0.00270821 0.988266 0.00195978 0.00163174 0.00206555 0.00178084 0.00158747 
0.0117744 0.00474977 0.00307183 0.00229416 0.973281 0.00267635 0.00215289 
0.984619 0.00256414 0.00184966 0.00264514 0.00376462 0.00238433 0.00217325 
0.00176527 0.00172626 0.990999 0.00129622 0.00158552 0.00139376 0.00123441 
0.00263387 0.00444637 0.00244997 0.00280226 0.983296 0.0022643 0.00210748 
0.00237166 0.00356697 0.103863 0.00205744 0.00241226 0.883794 0.00193555 
0.0019163 0.989451 0.00183401 0.00160912 0.00186879 0.00175118 0.00156945 
0.00199071 0.989459 0.001777 0.00161423 0.00182424 0.00176191 0.00157264 
0.00224633 0.897374 0.00188377 0.00184409 0.0915619 0.00329225 0.00179784 
0.00184626 0.00166725 0.990801 0.00130998 0.00169274 0.00143833 0.00124448 
0.00180948 0.00181094 0.990751 0.00130764 0.00165636 0.00142083 0.00124419 
0.00426766 0.878834 0.00323445 0.00219497 0.106483 0.00291315 0.00207296 
0.00452004 0.0121752 0.00368988 0.00221975 0.972215 0.00269151 0.00248851 
0.00183652 0.988625 0.00174823 0.00162362 0.00230505 0.00227538 0.00158606 
0.00296565 0.0135718 0.00204836 0.00215083 0.974522 0.00264563 0.00209595 
0.898558 0.0900032 0.00204031 0.00209839 0.00314426 0.00217659 0.00197942 
0.00444421 0.00292114 0.00611502 0.97659 0.00527318 0.00285269 0.0018036 
0.00236866 0.987389 0.00186167 0.00165237 0.00331869 0.00180414 0.0016059 
0.0023375 0.9837 0.00173657 0.00169534 0.00696987 0.00191715 0.00164373 
0.00176027 0.00172885 0.00170116 0.989883 0.00177456 0.00164813 0.00150406 
0.0017955 0.989981 0.0016452 0.00159843 0.00170487 0.00171223 0.00156286 
0.00271459 0.00219978 0.00219017 0.00224003 0.00248423 0.986077 0.00209432 
0.00204507 0.00171397 0.990389 0.00132887 0.00170761 0.00155541 0.00126016 
0.00359075 0.0538206 0.0025156 0.0023532 0.00285003 0.932691 0.0021793 
0.00314813 0.314681 0.00220299 0.00224518 0.00304583 0.672559 0.00211851 
0.00394706 0.015726 0.00427858 0.00225511 0.00300306 0.968701 0.00208895 
0.00426075 0.982825 0.00189601 0.00178706 0.00543446 0.00212318 0.00167361 
0.965652 0.0028458 0.00297451 0.00238357 0.0193779 0.0045588 0.00220702 
0.0109639 0.939772 0.00589047 0.00280757 0.0247898 0.0131471 0.00262901 
0.0740521 0.0417841 0.00286404 0.00292779 0.872343 0.00320552 0.00282342 
0.741511 0.103561 0.128209 0.00516185 0.00995914 0.00612915 0.00546863 
0.00175746 0.00172475 0.00170234 0.989867 0.00179598 0.00164828 0.00150451 
0.0244825 0.00817872 0.118831 0.00443139 0.0101824 0.829737 0.00415736 
0.00201773 0.0134651 0.971963 0.00151702 0.00791674 0.00167793 0.00144291 
0.0411215 0.148702 0.00340067 0.00347848 0.794473 0.00546157 0.00336295 
0.00348697 0.100294 0.00309011 0.00330044 0.882907 0.00456861 0.0023529 
0.0100795 0.00295433 0.97839 0.00153693 0.00377398 0.00181928 0.00144574 
0.0017886 0.00180065 0.00179461 0.989613 0.00183813 0.00165783 0.0015073 
0.114966 0.861537 0.00308784 0.00303866 0.0073575 0.00730272 0.00271012 
0.00307617 0.98798 0.0019996 0.0016337 0.00193021 0.00179168 0.00158895 
0.049258 0.0635048 0.14289 0.00799421 0.0112927 0.718079 0.00698127 
0.0017608 0.00172867 0.00170582 0.989876 0.00177655 0.00164846 0.00150414 
0.00175749 0.00172195 0.00169646 0.989904 0.00176957 0.00164689 0.00150378 
0.00387627 0.00429031 0.0037282 0.00337646 0.00368543 0.00347973 0.977564 
0.975585 0.0111642 0.00380002 0.00218817 0.00268789 0.00252165 0.0020531 
0.94039 0.00547022 0.00293804 0.002415 0.0439219 0.00261905 0.00224587 
0.0607748 0.03062 0.872527 0.00388675 0.0227036 0.00546521 0.00402288 
0.0028592 0.00228206 0.002236 0.00224275 0.00283098 0.985453 0.00209583 
0.0128114 0.0147999 0.00879302 0.0072721 0.847703 0.060733 0.0478876 
0.00527148 0.0203077 0.00395632 0.00245669 0.961111 0.00449629 0.00240055 
0.00176006 0.00172743 0.00170179 0.989885 0.00177414 0.00164782 0.00150402 
0.00173144 0.00170374 0.990925 0.00130092 0.00169099 0.00140888 0.00123874 
0.00175741 0.00172366 0.00169932 0.989898 0.00177078 0.0016473 0.00150383 
0.00501157 0.00814176 0.00511934 0.00237457 0.973923 0.00326384 0.00216572 
0.0032204 0.00344206 0.00235731 0.00225332 0.00312012 0.983515 0.00209228 
0.00176217 0.00173423 0.00170148 0.989879 0.00177066 0.0016481 0.00150404 
0.00314057 0.980518 0.00232818 0.00193345 0.00751081 0.0028012 0.00176735 
0.00375884 0.00355544 0.00361947 0.00341381 0.00371426 0.00348469 0.978453 
0.0037559 0.00380776 0.00376247 0.003387 0.00387666 0.00346801 0.977942 
0.955128 0.0117672 0.00213316 0.00267331 0.018281 0.0034153 0.00660211 
0.00175557 0.00172105 0.00169563 0.989909 0.0017685 0.00164669 0.00150368 
0.00175562 0.00172094 0.0016957 0.989909 0.00176851 0.00164668 0.00150368 
0.00175572 0.00172085 0.00169565 0.989909 0.00176851 0.00164668 0.00150368 
0.00255523 0.984731 0.00369659 0.00169403 0.00286952 0.00264574 0.00180765 
0.00175556 0.00172086 0.00169561 0.989909 0.00176852 0.00164667 0.00150368 
0.027171 0.00199458 0.963217 0.00161336 0.00267767 0.0018646 0.0014619 
0.0241959 0.00313173 0.959009 0.0018756 0.006347 0.00369407 0.00174643 
0.927707 0.0607855 0.00211561 0.00215143 0.00288788 0.00233989 0.00201251 
0.00183825 0.0017746 0.990692 0.00131101 0.00164506 0.00142846 0.00131041 
0.0050861 0.0019882 0.986664 0.00138841 0.00204428 0.00151294 0.00131635 
0.0024351 0.00221365 0.00220231 0.00223861 0.00250141 0.986316 0.00209288 
0.00197793 0.989032 0.00180659 0.00162386 0.00203524 0.00191474 0.00160997 
0.00188488 0.00175452 0.00173099 0.989671 0.00179437 0.0016559 0.00150813 
0.00217357 0.00241098 0.989411 0.00135966 0.00168414 0.00167292 0.00128726 
0.00378576 0.00394037 0.00364532 0.00339032 0.00380677 0.00347489 0.977957 
0.00335764 0.00280469 0.933773 0.00165629 0.0549746 0.00184249 0.00159156 
0.00263591 0.00241773 0.00247641 0.00222893 0.00264974 0.985507 0.00208418 
0.00357441 0.00176761 0.00236813 0.00222838 0.985475 0.00239918 0.00218694 
0.00198062 0.00892489 0.0018057 0.981844 0.00211744 0.00175655 0.00157114 
0.00362044 0.0087613 0.00224889 0.00224072 0.00401587 0.977026 0.00208646 
0.00245925 0.00516232 0.00214765 0.00214904 0.983703 0.00225485 0.00212384 
0.00210941 0.987189 0.00188059 0.00164367 0.0038137 0.00176193 0.00160201 
0.00185819 0.98936 0.00196573 0.00160481 0.00192534 0.00172001 0.00156588 
0.00376979 0.00424041 0.00364947 0.00337911 0.00386899 0.00347342 0.977619 
0.00295618 0.00524879 0.00245134 0.00219919 0.982359 0.00261594 0.00216961 
0.00175552 0.00172073 0.00169552 0.98991 0.00176835 0.00164665 0.00150367 
0.00214005 0.00182771 0.990453 0.00131115 0.00161241 0.00140898 0.00124705 
0.00317915 0.00748232 0.00244948 0.00228432 0.00843579 0.974045 0.00212409 
0.0022932 0.0043803 0.987247 0.00136202 0.00180487 0.00162313 0.00128926 
0.00176162 0.00173333 0.00173339 0.989843 0.00177661 0.00164839 0.00150393 
0.767993 0.21565 0.00303026 0.00238039 0.00607751 0.00261515 0.002253 
0.00178557 0.0018456 0.0017447 0.989553 0.00188427 0.00167628 0.00151046 
0.00245865 0.191959 0.00209071 0.00207679 0.00257844 0.796865 0.00197157 
0.318159 0.020454 0.00507522 0.00372825 0.644949 0.00413999 0.00349431 
0.00775487 0.827061 0.0090252 0.00478904 0.126846 0.0205754 0.00394817 
0.00335121 0.00374458 0.00253067 0.00222381 0.00264535 0.983432 0.00207219 
0.00277878 0.980585 0.00237738 0.00177418 0.00865195 0.00214402 0.00168873 
0.00255715 0.00303078 0.00246294 0.00221656 0.00261639 0.985041 0.00207501 
0.00354418 0.00190438 0.98846 0.00137396 0.00186357 0.00155672 0.00129731 
0.0112652 0.00210116 0.979628 0.00145573 0.00257557 0.0015936 0.00138118 
0.986101 0.00237339 0.00188309 0.00231071 0.00273725 0.00241609 0.00217871 
0.00175741 0.00172343 0.00170737 0.989891 0.00177035 0.00164707 0.00150372 
0.0616037 0.00310618 0.928015 0.00162003 0.00214789 0.00196869 0.00153903 
0.00220243 0.988858 0.00202241 0.00161595 0.00197081 0.00175625 0.00157465 
0.00185735 0.988736 0.00204924 0.001826 0.00197743 0.00183556 0.00171858 
0.361942 0.122551 0.00940455 0.00636318 0.483265 0.0104855 0.00598878 
0.0025083 0.0022963 0.0023347 0.00223856 0.00274528 0.985786 0.00209048 
0.00188786 0.00170417 0.990815 0.00130406 0.00163959 0.00140842 0.00124079 
0.0205826 0.023632 0.0248752 0.00446385 0.918101 0.00498452 0.00336083 
0.00177046 0.00180988 0.990866 0.00129902 0.00161855 0.00139919 0.00123703 
0.00903683 0.742706 0.0287948 0.00652958 0.0795907 0.127368 0.00597337 
0.00306292 0.982872 0.00315962 0.001702 0.00193522 0.00563669 0.00163167 
0.0042415 0.0046823 0.00362259 0.00349915 0.00393235 0.0624351 0.917587 
0.00177736 0.00175851 0.00175721 0.989747 0.0017969 0.00165774 0.00150534 
0.937449 0.0183986 0.0290779 0.0027415 0.00672725 0.00310616 0.00249974 
0.0229791 0.0110476 0.890368 0.00304303 0.065864 0.00383989 0.00285829 
0.0018481 0.00275472 0.989713 0.00135136 0.00164814 0.00143315 0.0012511 
0.00179498 0.989888 0.00160808 0.00160058 0.00181951 0.00172343 0.00156569 
0.00179171 0.0024883 0.00180419 0.988486 0.00190068 0.00200715 0.00152221 
0.00168965 0.00157697 0.991247 0.00129104 0.00157828 0.00138771 0.00122958 
0.0022272 0.988045 0.00239509 0.00163229 0.00221117 0.00190529 0.00158355 
0.00383937 0.00439694 0.00390192 0.00335983 0.00397084 0.00350489 0.977026 
0.986516 0.00226601 0.00173993 0.00231775 0.00260607 0.00236827 0.00218645 
0.00296233 0.66404 0.00277064 0.0020329 0.323931 0.00230089 0.00196255 
0.0024673 0.00236371 0.0022429 0.00223754 0.00264357 0.985954 0.00209077 
0.00203666 0.0019517 0.00189844 0.98888 0.00202793 0.00168298 0.00152192 
0.0309786 0.034488 0.0248484 0.0082852 0.210969 0.681455 0.00897607 
0.00376441 0.00356682 0.00360798 0.00341309 0.0037176 0.00348862 0.978441 
0.00170975 0.00157745 0.991077 0.00129667 0.00158537 0.00151873 0.00123485 
0.980033 0.00252022 0.00186578 0.00230092 0.00387748 0.00723081 0.0021714 
0.0102536 0.0102442 0.972303 0.00159523 0.00220321 0.00190943 0.00149157 
0.00181193 0.00178574 0.00178125 0.989483 0.00195955 0.00166792 0.00151096 
0.961629 0.00656203 0.02017 0.00221628 0.00379177 0.00355504 0.00207551 
0.00384603 0.00380787 0.00391941 0.00337901 0.00382372 0.00352689 0.977697 
0.00245218 0.00179867 0.986591 0.0014245 0.0047857 0.00160802 0.0013396 
0.00852188 0.0046249 0.00238104 0.00223754 0.00300622 0.977132 0.00209637 
0.00176244 0.00172714 0.00170364 0.98988 0.00177303 0.00164937 0.00150415 
0.00169284 0.00160039 0.991191 0.00129277 0.00159824 0.00139378 0.00123109 
0.00257047 0.0022212 0.00221158 0.00224021 0.00250726 0.986156 0.00209359 
0.00374881 0.00350078 0.00356989 0.00342039 0.00368278 0.00348765 0.97859 
0.00245703 0.00220282 0.00220152 0.0022397 0.00250161 0.986304 0.00209348 
0.00204171 0.00174852 0.990553 0.00131454 0.00164787 0.00144607 0.00124877 
0.0029819 0.00259579 0.00292553 0.00221338 0.00321737 0.983996 0.00206979 
0.00279912 0.00311465 0.00236087 0.00222014 0.00248704 0.984943 0.00207559 
0.0106676 0.026717 0.00960509 0.00700339 0.869064 0.00797402 0.0689689 
0.0017588 0.00172984 0.0017011 0.989885 0.00177332 0.00164771 0.00150399 
0.00778232 0.00271764 0.983153 0.00142309 0.00201029 0.00155958 0.00135427 
0.00219917 0.00207317 0.00272626 0.987843 0.00193169 0.00170287 0.00152379 
0.00178075 0.00177697 0.00175095 0.989704 0.00182426 0.00165703 0.00150653 
0.985988 0.00229419 0.00234679 0.0022837 0.00254467 0.00238686 0.0021561 
0.00472148 0.00306481 0.984655 0.00143991 0.00279674 0.00195353 0.00136876 
0.86105 0.128655 0.00200995 0.00197404 0.00229338 0.00213513 0.00188272 
0.00280142 0.00538718 0.00215973 0.00215585 0.982948 0.00242316 0.00212452 
0.200812 0.00651153 0.427593 0.00510835 0.349503 0.00559055 0.00488113 
0.00172224 0.00167399 0.991034 0.00129763 0.00163942 0.0013979 0.0012351 
0.00744264 0.00763123 0.954409 0.0022162 0.00419555 0.0220766 0.00202899 
0.00290178 0.0031233 0.00216881 0.00241383 0.984889 0.00234952 0.00215375 
0.00201649 0.989007 0.00195688 0.0016657 0.00193501 0.00183593 0.00158278 
0.00245164 0.00215778 0.00219272 0.00224071 0.00309187 0.985769 0.00209599 
0.00444296 0.00255355 0.986267 0.00140619 0.00243371 0.0015602 0.00133596 
0.0113578 0.00487041 0.976105 0.00160481 0.0025893 0.00198757 0.00148488 
0.00252236 0.00468877 0.00249549 0.00217001 0.983659 0.002336 0.00212811 
0.984291 0.00250865 0.00354144 0.00225017 0.00291998 0.00237059 0.00211807 
0.00177541 0.00258809 0.989674 0.0013307 0.00189098 0.00147928 0.00126205 
0.00597401 0.0017244 0.986283 0.00138021 0.0018388 0.00148908 0.00131086 
0.00369158 0.520304 0.00260674 0.00219293 0.466401 0.00269394 0.00210983 
0.00247951 0.00219618 0.00221388 0.00223966 0.00250598 0.986272 0.00209326 
0.00480972 0.0124593 0.970359 0.00172851 0.00261014 0.0064228 0.00161082 
0.00300791 0.00172191 0.989116 0.00135345 0.00202861 0.00148883 0.00128339 
0.00376973 0.00355281 0.00361553 0.00341398 0.00370472 0.00349071 0.978453 
0.00254891 0.0016909 0.989966 0.00132776 0.00176083 0.0014436 0.00126182 
0.002928 0.0108745 0.978829 0.00149099 0.00265435 0.00182981 0.00139352 
0.00248932 0.00237724 0.0022272 0.00223781 0.00253028 0.986047 0.00209073 
0.00534579 0.00191615 0.985807 0.00141924 0.00254602 0.00162509 0.00134077 
0.00226225 0.971405 0.00187457 0.00173612 0.00200994 0.0190392 0.00167283 
0.00191142 0.989178 0.00200503 0.00161302 0.00194676 0.00177468 0.00157082 
0.00176956 0.00181191 0.00174406 0.989731 0.00178448 0.00165424 0.00150516 
0.982652 0.00332424 0.00181024 0.00228424 0.00512758 0.00264116 0.00216095 
0.00252152 0.00233055 0.00237964 0.00223454 0.00254674 0.9859 0.00208694 
0.00302683 0.0032021 0.00228112 0.00224565 0.00298031 0.984172 0.00209232 
0.00374546 0.0040823 0.00368203 0.00338468 0.0037179 0.00351063 0.977877 
0.0017366 0.00161963 0.991059 0.00129871 0.00164798 0.00140206 0.00123564 
0.0499176 0.120245 0.790252 0.00575109 0.0190942 0.00970469 0.00503546 
0.00173867 0.00164332 0.990529 0.00131277 0.00209137 0.0014359 0.00124914 
0.0165416 0.972071 0.00244016 0.00180799 0.00334752 0.00207467 0.00171752 
0.982799 0.00414726 0.00297363 0.00225463 0.00294703 0.00276261 0.00211559 
0.962086 0.0029567 0.0262175 0.00207476 0.00242775 0.00222665 0.0020106 
0.00168658 0.00157148 0.991257 0.00129078 0.00157695 0.00138513 0.00123219 
0.00170648 0.00167902 0.991096 0.00129425 0.00160113 0.00139075 0.00123254 
0.0026706 0.00252081 0.00278544 0.00222193 0.00294319 0.984783 0.00207503 
0.0261736 0.785111 0.089283 0.00744341 0.0209704 0.0645465 0.00647217 
0.00201761 0.9577 0.0016763 0.00170545 0.0334193 0.00180964 0.00167196 
0.964524 0.00547959 0.0198138 0.00219813 0.00344174 0.00251001 0.002033 
0.00444767 0.00298154 0.985861 0.0014211 0.00227049 0.00167702 0.0013408 
0.00182093 0.00173519 0.990718 0.0013089 0.00174926 0.0014233 0.00124444 
0.00307412 0.00181759 0.00222169 0.00220823 0.986173 0.00232283 0.00218224 
0.00288441 0.976436 0.00311715 0.00180703 0.0117057 0.00233422 0.00171555 
0.00491122 0.982677 0.00211023 0.00172913 0.0049846 0.00192246 0.00166576 
0.00220819 0.0030946 0.00266104 0.98617 0.00249918 0.00181205 0.00155528 
0.930255 0.055292 0.00191058 0.00225903 0.00537458 0.00268645 0.00222239 
0.00170627 0.00160652 0.99117 0.00129381 0.00159808 0.00139377 0.00123181 
0.0041645 0.0023152 0.923061 0.00184827 0.0645359 0.00236559 0.00170958 
0.00262378 0.0019659 0.00231955 0.00220209 0.986387 0.00232629 0.0021749 
0.0038476 0.98239 0.00204155 0.00181608 0.00533399 0.00286571 0.00170469 
0.00429563 0.00579194 0.00931758 0.00316212 0.00349643 0.00330518 0.970631 
0.003547 0.479397 0.00228239 0.0021577 0.50784 0.00269984 0.00207649 
0.00360809 0.00228557 0.988134 0.00137268 0.00175387 0.00154856 0.00129771 
0.00380901 0.00366173 0.00373335 0.0033989 0.00379934 0.003486 0.978112 
0.00470971 0.0253663 0.00409012 0.00245715 0.957498 0.00361648 0.00226215 
0.00171617 0.00162876 0.990968 0.00130097 0.00173788 0.00141018 0.00123807 
0.0183794 0.365079 0.0111337 0.584859 0.0100963 0.00589793 0.00455457 
0.00175568 0.0017208 0.00169561 0.989909 0.00176843 0.00164668 0.00150368 
0.00248385 0.00217358 0.00220658 0.00224027 0.00251304 0.986289 0.00209403 
0.00177811 0.00179945 0.00173591 0.989715 0.00181065 0.00165481 0.00150634 
0.00255042 0.00363326 0.00224875 0.00222276 0.00308549 0.984182 0.00207756 
0.00205045 0.98939 0.00166289 0.00163569 0.0018444 0.00184123 0.00157577 
0.00353914 0.00204877 0.983358 0.00155316 0.00246811 0.00562315 0.00140994 
0.983099 0.0026565 0.00234864 0.00227917 0.00284208 0.00462686 0.00214737 
0.00170267 0.00164534 0.991157 0.00129275 0.00158163 0.00138945 0.00123119 
0.00219762 0.00179523 0.990179 0.00132349 0.00180126 0.0014455 0.00125823 
0.00686336 0.00241 0.983126 0.00145067 0.00308566 0.00168886 0.00137505 
0.0240052 0.00777322 0.0112566 0.00519015 0.371582 0.575425 0.00476737 
0.981295 0.00723005 0.00188897 0.00224379 0.00278816 0.00243723 0.0021168 
0.0740145 0.0211192 0.088195 0.0054849 0.798433 0.00768051 0.00507322 
0.0115626 0.00225681 0.979209 0.00147818 0.00231465 0.00178474 0.00139417 
0.00175817 0.00172268 0.00169728 0.989901 0.00176997 0.00164739 0.00150382 
0.00232552 0.00200691 0.98919 0.00136349 0.00192467 0.00190119 0.00128823 
0.935173 0.00298643 0.0184452 0.00239609 0.0361664 0.00255982 0.00227277 
0.0071304 0.00497316 0.00787354 0.00230556 0.971648 0.0038925 0.00217668 
0.00247873 0.00224165 0.00233785 0.00226068 0.00249964 0.986094 0.00208763 
0.00285784 0.00178325 0.988614 0.00137022 0.00254268 0.00153444 0.00129784 
0.00176541 0.0017345 0.00170774 0.989863 0.00177593 0.00164869 0.00150428 
0.00169172 0.00158963 0.991218 0.00129189 0.00159057 0.00138796 0.00123035 
0.0280567 0.961576 0.00275723 0.00173963 0.00227982 0.00190716 0.00168378 
0.0416266 0.413501 0.0123379 0.00970533 0.195686 0.318173 0.0089702 
0.00239503 0.00174063 0.989875 0.00134346 0.00187256 0.00150276 0.00127091 
0.00212989 0.812531 0.00201784 0.00183791 0.0020751 0.177645 0.00176256 
0.00213088 0.00185733 0.00197397 0.988877 0.00196438 0.00167705 0.00151916 
0.986483 0.00233098 0.0017049 0.00231499 0.00254735 0.00243282 0.00218637 
0.001685 0.0015706 0.991262 0.00129075 0.00157735 0.00138487 0.00122917 
0.0213826 0.00981135 0.867844 0.00459851 0.0498019 0.0423445 0.00421761 
0.00197497 0.00205967 0.989629 0.00133857 0.00224344 0.00148374 0.00127062 
0.00501758 0.984367 0.00294514 0.00183313 0.00221785 0.00199979 0.00161943 
0.00262841 0.00312057 0.988077 0.00139508 0.00184007 0.00163192 0.00130683 
0.00197757 0.00248045 0.00200272 0.988172 0.00211982 0.00172031 0.00152693 
0.00177296 0.00175203 0.990782 0.00132737 0.00171084 0.00141327 0.00124122 
0.00179775 0.001859 0.00177431 0.989562 0.00183792 0.00166148 0.00150794 
0.00176439 0.00174692 0.00171731 0.989834 0.00178177 0.00165058 0.00150457 
0.0037838 0.00355993 0.00375645 0.00340656 0.00373086 0.00348874 0.978274 
0.00270696 0.00233366 0.002235 0.00223948 0.00406282 0.984325 0.00209665 
0.00400614 0.965955 0.00276749 0.00185785 0.021342 0.00229777 0.00177389 
0.00496466 0.502428 0.00330277 0.00235341 0.481995 0.00268452 0.00227149 
0.0037171 0.0105557 0.00330334 0.00225349 0.975076 0.00295788 0.00213663 
0.00177025 0.0026492 0.00170761 0.988931 0.00177985 0.00165295 0.0015087 
0.757753 0.0922344 0.102965 0.0061885 0.0268005 0.00841293 0.00564547 
0.00998875 0.557053 0.0168409 0.00497781 0.391558 0.0147426 0.00483855 
0.00263868 0.00220861 0.00225948 0.00224103 0.00255211 0.986007 0.0020934 
0.00199965 0.00190749 0.990308 0.00131872 0.00177474 0.00143875 0.00125299 
0.00359515 0.00199943 0.988376 0.00136248 0.00188188 0.0014934 0.00129182 
0.0038221 0.00355989 0.00363036 0.00341162 0.00372852 0.00351238 0.978335 
0.00420173 0.277843 0.00241718 0.00216057 0.708815 0.00246703 0.00209513 
0.00215596 0.988811 0.00192236 0.00163316 0.00200935 0.00181827 0.00164972 
0.00175937 0.0017317 0.00170604 0.989879 0.00177175 0.00164793 0.00150397 
0.00175555 0.00172079 0.00169556 0.989909 0.00176839 0.00164666 0.00150368 
0.00176258 0.00173546 0.00170767 0.989849 0.00179098 0.00164923 0.00150462 
0.00243899 0.00181556 0.989789 0.0013306 0.00191086 0.00144985 0.00126552 
0.00280478 0.00320835 0.00240993 0.00221827 0.984932 0.00228061 0.00214599 
0.00176612 0.00168715 0.990932 0.00130272 0.00163122 0.00140886 0.00127169 
0.00257219 0.00169624 0.00208713 0.00221638 0.986944 0.00229156 0.00219274 
0.00254767 0.002389 0.00235912 0.00223315 0.00253845 0.985846 0.00208623 
0.00306769 0.988218 0.0016733 0.00162882 0.00208492 0.00173712 0.0015899 
0.00685942 0.0105829 0.933139 0.00254085 0.039778 0.00478712 0.00231305 
0.0017883 0.00179229 0.00175083 0.98967 0.00183276 0.00165825 0.00150709 
0.00175585 0.00172249 0.00169664 0.989906 0.00176891 0.00164673 0.00150371 
0.00242012 0.987026 0.00170639 0.00167076 0.00233551 0.00322312 0.00161769 
0.0041989 0.0159638 0.00316255 0.00217093 0.969835 0.00257414 0.00209506 
0.00241354 0.915218 0.00228844 0.00180444 0.0746168 0.00191337 0.00174544 
0.628014 0.00348361 0.358488 0.00217266 0.00322281 0.00259503 0.00202323 
0.0018475 0.00177857 0.990782 0.00130465 0.00163669 0.00140951 0.00124109 
0.321504 0.218834 0.0775926 0.0140709 0.293319 0.0617668 0.0129128 
0.00257005 0.00221861 0.00225701 0.00224055 0.00258984 0.986031 0.00209315 
0.00663351 0.00266173 0.0041044 0.00220508 0.978877 0.00338101 0.00213731 
0.00173474 0.00175281 0.990875 0.00130452 0.00164901 0.00144438 0.00123959 
0.00181955 0.00184271 0.00187956 0.989334 0.00194974 0.00166406 0.00151064 
0.00189544 0.989181 0.00166831 0.00161663 0.00231635 0.00174329 0.00157874 
0.984574 0.00339391 0.00260777 0.00226057 0.00253436 0.00247247 0.00215676 
0.00180108 0.00162408 0.991026 0.00129831 0.0016153 0.00139988 0.00123579 
0.001784 0.00168583 0.990897 0.00133287 0.00165089 0.00141073 0.0012389 
0.003458 0.00228837 0.00230472 0.00224065 0.00258654 0.985029 0.00209319 
0.00181818 0.0018545 0.00198632 0.989313 0.00185105 0.0016687 0.00150804 
0.00214752 0.00174505 0.989831 0.00134665 0.00166265 0.00199169 0.00127569 
0.00533691 0.00187233 0.00233412 0.00220745 0.983725 0.00234982 0.00217413 
0.00375051 0.00350554 0.00357394 0.00341985 0.00368401 0.00348768 0.978578 
0.00485472 0.00216409 0.00280835 0.00222805 0.983347 0.00242897 0.00216907 
0.156776 0.0846177 0.658764 0.00781753 0.0734786 0.0113798 0.00716595 
0.00190667 0.00180963 0.99002 0.00133637 0.00199992 0.00166091 0.00126663 
0.00409522 0.980601 0.00298042 0.0019986 0.00478248 0.00370494 0.00183705 
0.00175652 0.00172215 0.00169696 0.989903 0.00177048 0.00164697 0.00150378 
0.00184768 0.00186336 0.989849 0.00133187 0.00172339 0.00211894 0.00126581 
0.00289859 0.00199696 0.987506 0.00138802 0.00320941 0.00168308 0.00131781 
0.00299372 0.00233504 0.00280308 0.00223579 0.00305815 0.984492 0.00208208 
0.00387831 0.00357086 0.00361315 0.00341014 0.0037308 0.00348615 0.978311 
0.00262254 0.00171637 0.00207159 0.00221209 0.986903 0.00228385 0.00219077 
0.588695 0.16391 0.0808867 0.0131853 0.102309 0.0398202 0.0111935 
0.00180215 0.990052 0.00158848 0.00159847 0.00168346 0.00171218 0.00156327 
0.00183941 0.00186656 0.00186752 0.988939 0.00228759 0.00167975 0.00152032 
0.00456329 0.00322451 0.00256449 0.00224881 0.0039982 0.981304 0.00209656 
0.00175286 0.00210991 0.990164 0.00131698 0.00196449 0.00143887 0.00125315 
0.15562 0.00274162 0.829538 0.00208481 0.00496694 0.00309626 0.00195283 
0.00248899 0.00155172 0.00209259 0.00221659 0.987173 0.00228156 0.0021959 
0.00291499 0.00248206 0.00379757 0.00221547 0.00259433 0.983936 0.0020592 
0.00200695 0.988613 0.00193312 0.00165909 0.00197563 0.00205129 0.00176128 
0.00180858 0.001773 0.00179205 0.989608 0.00184801 0.00166267 0.00150782 
0.00176034 0.00173008 0.00170402 0.989878 0.0017749 0.00164892 0.00150421 
0.00747655 0.0047267 0.972942 0.00177294 0.00277414 0.00867305 0.0016344 
0.00638426 0.00210454 0.978815 0.00154835 0.0024374 0.00724826 0.00146182 
0.00180187 0.00182131 0.00175174 0.989589 0.00180412 0.00172244 0.00150954 
0.979244 0.00215234 0.0098145 0.00213483 0.0023979 0.00223841 0.00201803 
0.951077 0.00321451 0.0359757 0.00207618 0.00347306 0.00223399 0.00194991 
0.00405051 0.975967 0.00220254 0.00195611 0.00310573 0.0109018 0.00181577 
0.00504532 0.860707 0.0150697 0.00679409 0.10563 0.00380856 0.00294531 
0.981991 0.00462461 0.00351275 0.00220835 0.00329534 0.00227961 0.00208842 
0.00175553 0.00172074 0.00169556 0.98991 0.00176835 0.00164665 0.00150367 
0.00199534 0.989395 0.00165987 0.00162037 0.00177646 0.00197642 0.00157694 
0.00265352 0.977494 0.00356381 0.00181696 0.00836795 0.00437536 0.00172861 
0.00175618 0.00172288 0.00169671 0.989904 0.00176909 0.00164697 0.00150373 
0.298909 0.683774 0.00798939 0.002229 0.00255164 0.00240616 0.00214065 
0.00177781 0.00174851 0.990821 0.00130219 0.00170221 0.00140851 0.00123989 
0.00172628 0.00167017 0.990988 0.00129946 0.00167712 0.00140253 0.00123669 
0.00307586 0.00323904 0.0031333 0.0022291 0.0030361 0.983161 0.0021259 
0.922054 0.00855979 0.0449375 0.0028177 0.00409606 0.0148851 0.00264999 
0.00201242 0.00181109 0.00179553 0.989283 0.00190167 0.00168014 0.0015159 
0.00175792 0.00172703 0.00170076 0.989889 0.00177333 0.0016476 0.00150396 
0.00252063 0.012181 0.00217725 0.00216571 0.00296477 0.975954 0.00203661 
0.00389848 0.0834651 0.00316488 0.00217712 0.902685 0.00250713 0.00210226 
0.0183463 0.0404009 0.0281895 0.00769599 0.441431 0.456802 0.00713511 
0.00182926 0.00181528 0.00172476 0.989507 0.00190268 0.00170879 0.00151222 
0.319624 0.084272 0.218894 0.0147885 0.290531 0.0586468 0.0132432 
0.00264406 0.00370917 0.00205079 0.00217989 0.984442 0.00282515 0.00214902 
0.105224 0.0248721 0.760131 0.00578798 0.0911817 0.00752233 0.00528015 
0.930997 0.042087 0.0146781 0.00256184 0.00417411 0.00314084 0.00236075 
0.00245844 0.00226074 0.00219041 0.00223754 0.00248305 0.986278 0.00209219 
0.0018116 0.00181754 0.00176989 0.989577 0.00184946 0.00166605 0.0015086 
0.974821 0.00340073 0.00957501 0.00221846 0.00502848 0.00289502 0.002061 
0.00194335 0.98283 0.00595042 0.00322099 0.00252116 0.00192753 0.00160625 
0.0037866 0.00360202 0.00364032 0.00340902 0.00374627 0.00348853 0.978327 
0.00271108 0.0027291 0.0025679 0.00230532 0.00436212 0.98324 0.00208455 
0.00175796 0.00172671 0.00170184 0.989889 0.00177273 0.001648 0.00150392 
0.00175583 0.00172159 0.00169577 0.989907 0.00176933 0.00164675 0.00150372 
0.00375708 0.00356153 0.00362608 0.00341592 0.00380811 0.00348535 0.978346 
0.90956 0.0119259 0.021686 0.00351253 0.0457331 0.00438549 0.00319669 
0.00184931 0.00191055 0.00194122 0.989223 0.00187274 0.00169193 0.00151081 
0.00227267 0.985591 0.0018366 0.00361099 0.00311969 0.00194484 0.00162384 
0.00186023 0.00167638 0.990531 0.00131552 0.00160749 0.00175781 0.00125175 
0.00256374 0.987445 0.00205583 0.00168232 0.0026592 0.00197747 0.00161656 
0.00484459 0.00306067 0.590669 0.00450436 0.00375109 0.390661 0.00250914 
0.0383728 0.0136351 0.00604685 0.00329747 0.925254 0.0103059 0.00308749 
0.0170922 0.00754052 0.0719571 0.00328618 0.892163 0.00483478 0.00312595 
0.00180403 0.00177926 0.00174105 0.989692 0.0018175 0.00165912 0.00150739 
0.00825646 0.0081125 0.975629 0.00157691 0.00308696 0.00185766 0.00148056 
0.00251579 0.00156561 0.00214507 0.00221451 0.98708 0.00228573 0.0021931 
0.00276733 0.00253108 0.00241965 0.00221431 0.985413 0.00248613 0.00216883 
0.00179912 0.00172597 0.0017041 0.989845 0.00177268 0.00164826 0.00150492 
0.0035702 0.00270824 0.0025733 0.00222868 0.0028799 0.983958 0.0020819 
0.0048796 0.00333591 0.966103 0.00182264 0.0181993 0.00396752 0.00169182 
0.00347036 0.00280778 0.987369 0.0013878 0.00212654 0.00152666 0.00131223 
0.0019301 0.00193925 0.990381 0.00131481 0.00175283 0.00143203 0.00124967 
