0.0188426 0.000591675 0.00222582 0.00123057 0.00208425 0.0128927 0.00475809 0.928681 0.000300525 0.0283932 
0.381292 0.020088 0.41852 0.0213363 0.0172536 0.0981424 0.00338333 0.00532145 0.0131305 0.0215323 
0.0427958 0.0093316 0.040053 0.0113655 0.0545335 0.770153 0.0121535 0.0099487 0.0245124 0.025153 
0.027115 0.0105669 0.0276358 0.0118861 0.733374 0.0242022 0.00451014 0.00236308 0.154151 0.00419588 
0.0354023 0.00960005 0.0542424 0.0123169 0.0414511 0.779309 0.0143305 0.00928142 0.0142723 0.0297941 
0.0604071 0.00184412 0.00966322 0.00565579 0.00848584 0.0486763 0.0115038 0.720397 0.000998333 0.132369 
0.593693 0.01082 0.127515 0.026517 0.026586 0.143158 0.00797912 0.0198884 0.00948586 0.0343584 
0.165885 0.0133659 0.0782434 0.0213429 0.0628376 0.589077 0.0118475 0.0117478 0.0143189 0.0313339 
0.0556894 0.0125299 0.0827286 0.0137187 0.0726214 0.705904 0.00874335 0.00754016 0.014335 0.0261895 
0.624081 0.00793583 0.0335686 0.0168435 0.0214495 0.17432 0.0106794 0.0453965 0.00638056 0.0593443 
0.0882925 0.399657 0.377783 0.0468138 0.0307854 0.0279311 0.00339442 0.00314278 0.0116989 0.0105009 
0.0610043 0.00965781 0.0476837 0.0166836 0.0297538 0.764847 0.0127899 0.0114608 0.0161277 0.0299914 
0.0168077 0.000510829 0.00177753 0.000882569 0.00164964 0.0107955 0.00427427 0.944081 0.000265278 0.0189561 
0.0394039 0.00871402 0.0306119 0.0366488 0.540954 0.133445 0.151244 0.00800186 0.0043954 0.046582 
0.0818264 0.00805752 0.0343964 0.0122925 0.0218211 0.450883 0.0503506 0.285323 0.00543216 0.0496176 
0.0537737 0.0131398 0.829443 0.0257753 0.0109947 0.0405861 0.000818593 0.000874305 0.0139559 0.0106391 
0.238654 0.0130652 0.111325 0.0165613 0.0294253 0.528066 0.0078727 0.0106301 0.0150772 0.0293233 
0.0282221 0.0122816 0.0307167 0.0134857 0.696598 0.183227 0.00765996 0.00374206 0.0108436 0.0132236 
0.0478632 0.00473791 0.0281554 0.0237161 0.121271 0.0907424 0.116808 0.0330995 0.00194448 0.531661 
0.018078 0.000511872 0.00175326 0.000872287 0.00161557 0.0105349 0.00360366 0.944057 0.000264343 0.0187088 
0.0737758 0.0115171 0.762182 0.0334123 0.0146114 0.0705374 0.00144689 0.00161586 0.0178379 0.0130635 
0.0214285 0.00063237 0.00239871 0.00122205 0.00232352 0.0134971 0.00420754 0.925536 0.000326664 0.0284276 
0.0162601 0.000482784 0.00165675 0.000817864 0.00153175 0.0101002 0.00352815 0.947067 0.000249019 0.0183062 
0.0485613 0.00868414 0.0964021 0.0199367 0.0243384 0.724742 0.00904233 0.00758026 0.0404509 0.0202624 
0.103434 0.0127465 0.719922 0.0212354 0.0145999 0.0932047 0.00165419 0.0019755 0.0146376 0.0165905 
0.101106 0.0104314 0.662382 0.0528688 0.0183179 0.118359 0.00242871 0.00269573 0.0126254 0.0187856 
0.14107 0.0121971 0.65658 0.0258365 0.0200931 0.103931 0.00232001 0.00297765 0.0138564 0.0211382 
0.779283 0.0116851 0.0400635 0.0197102 0.0204158 0.0430845 0.00834369 0.0339628 0.00902553 0.0344257 
0.0565424 0.0102751 0.427561 0.0236606 0.0212769 0.417799 0.00354062 0.00345657 0.0151937 0.0206937 
0.0378365 0.00783871 0.81678 0.0261915 0.0123706 0.0651087 0.00110135 0.0011644 0.0114207 0.0201874 
0.0750955 0.0100122 0.15637 0.121618 0.0451748 0.449135 0.0380788 0.0142695 0.00820084 0.0820453 
0.0984625 0.0102707 0.750875 0.0257078 0.0140458 0.068618 0.00138917 0.0016246 0.0151771 0.0138296 
0.0360909 0.0117678 0.0262912 0.0150371 0.674444 0.196432 0.00982424 0.00464603 0.0065505 0.0189169 
0.0409998 0.00826099 0.405398 0.015849 0.0161733 0.472374 0.00314396 0.003092 0.0143431 0.0203655 
0.616556 0.00903708 0.051302 0.0402798 0.0244839 0.0833441 0.0111285 0.0268215 0.00456878 0.132478 
0.168668 0.00758454 0.0378535 0.0233529 0.0283773 0.598167 0.0156302 0.028815 0.00712397 0.0844282 
0.0161496 0.000476997 0.00163193 0.000807867 0.00151361 0.00992795 0.00349631 0.947677 0.000246038 0.0180727 
0.082506 0.116011 0.717229 0.0192541 0.0106663 0.0268191 0.00141751 0.00158991 0.0150097 0.0094977 
0.0310278 0.0143371 0.0861325 0.0180024 0.742355 0.0797645 0.00499994 0.0025235 0.00756344 0.0132935 
0.0408428 0.00396954 0.0808797 0.765409 0.0299048 0.045911 0.00699565 0.00567356 0.00196198 0.0184523 
0.0542995 0.00897501 0.804523 0.0400562 0.0123477 0.0518112 0.00105499 0.00108677 0.0140231 0.0118224 
0.359304 0.00583091 0.0362499 0.0297751 0.027059 0.0585883 0.0122532 0.0273111 0.00240024 0.441228 
0.0166764 0.000496373 0.00168119 0.000835844 0.00156486 0.0101628 0.00425152 0.946473 0.000255417 0.0176021 
0.0436156 0.00747443 0.0505949 0.0872575 0.0373681 0.682731 0.0434273 0.0104715 0.00806567 0.0289943 
0.0681615 0.0164358 0.123597 0.0329388 0.0358534 0.661272 0.0106303 0.00823842 0.013377 0.0294953 
0.0235758 0.00124973 0.0183929 0.0298717 0.0189159 0.0289198 0.0139908 0.0139865 0.000386349 0.850711 
0.078339 0.0143772 0.0880375 0.0186363 0.290852 0.455275 0.00875225 0.00688236 0.0141596 0.0246893 
0.0597953 0.0105416 0.0327029 0.0209493 0.33451 0.458016 0.0140448 0.00981501 0.00750468 0.052121 
0.0161939 0.000482743 0.00165588 0.000820727 0.00154245 0.0100613 0.0036151 0.946816 0.000248312 0.0185636 
0.0451502 0.00935628 0.812501 0.0252449 0.0120325 0.066827 0.000947465 0.000972192 0.0150059 0.0119626 
0.250415 0.00179276 0.0065925 0.0037079 0.00525439 0.0190453 0.00640578 0.66281 0.000944934 0.043031 
0.0165069 0.000477148 0.00161371 0.000791798 0.00149741 0.00984511 0.00347299 0.947957 0.000246158 0.0175914 
0.0341559 0.0083116 0.0360691 0.0105222 0.0279521 0.80137 0.0154559 0.0131661 0.017592 0.0354048 
0.0522582 0.0042741 0.0430099 0.791849 0.0400513 0.0393938 0.00890404 0.00760079 0.00186856 0.0107899 
0.751857 0.00988867 0.0313153 0.0158451 0.0195979 0.0755204 0.00924851 0.0473264 0.00683847 0.0325624 
0.118772 0.0111195 0.598241 0.132783 0.0254845 0.0798737 0.00278565 0.00311357 0.0101792 0.0176478 
0.159902 0.0134096 0.0809627 0.0167769 0.0283453 0.632844 0.0105197 0.0126803 0.0140341 0.0305261 
0.0160508 0.000474551 0.00162042 0.000798509 0.00150195 0.00990097 0.00352448 0.947822 0.000244742 0.0180615 
0.0194161 0.0041895 0.0198066 0.00923573 0.0286949 0.502652 0.381855 0.00932137 0.00486926 0.0199597 
0.021863 0.0111899 0.0227708 0.0157787 0.806562 0.0565458 0.0444448 0.0034227 0.00466485 0.0127573 
0.0481045 0.00870243 0.833487 0.0198588 0.0109377 0.045618 0.000916531 0.00102991 0.0139963 0.0173491 
0.0354435 0.0027504 0.0245024 0.754566 0.0327245 0.046433 0.0246288 0.00974935 0.00108349 0.0681182 
0.220704 0.00958105 0.0386997 0.0398636 0.313513 0.0784272 0.0445924 0.0689449 0.00419657 0.181477 
0.0558424 0.00921063 0.667629 0.0638526 0.017489 0.153745 0.00210583 0.00209516 0.012378 0.0156528 
0.508961 0.0130946 0.125318 0.0774232 0.0622862 0.146282 0.00869831 0.0127337 0.00992123 0.0352809 
0.0610818 0.00929224 0.0580163 0.0123057 0.0451552 0.747529 0.0106762 0.0101712 0.0134973 0.0322755 
0.0554749 0.0099139 0.824604 0.0239651 0.0113506 0.0472241 0.000860282 0.000921927 0.0133492 0.012336 
0.0959399 0.0313535 0.729596 0.0182924 0.0134373 0.078662 0.00165024 0.00190443 0.0157782 0.0133858 
0.669046 0.0056848 0.0179417 0.00999462 0.020592 0.0531999 0.0150567 0.166727 0.00340452 0.0383524 
0.0475661 0.0105203 0.0766618 0.0135511 0.046413 0.745409 0.0093235 0.00818644 0.0145468 0.027822 
0.0420416 0.00892404 0.0215337 0.0288951 0.736214 0.0787907 0.0154332 0.0250462 0.00366 0.039462 
0.621516 0.00714558 0.037892 0.027916 0.0254013 0.0532772 0.00973976 0.0221842 0.00369802 0.19123 
0.0256152 0.000820007 0.0046716 0.00306972 0.00439228 0.0166071 0.00613753 0.738936 0.000354338 0.199397 
0.108766 0.0149326 0.237205 0.0681068 0.080505 0.396582 0.0175437 0.010042 0.0120508 0.0542655 
0.0569527 0.0867371 0.0753734 0.0198025 0.283031 0.422427 0.0107683 0.00729938 0.0148681 0.0227401 
0.0814759 0.00947073 0.0690725 0.076371 0.0562496 0.641148 0.0161403 0.0105667 0.0103807 0.0291245 
0.425057 0.021211 0.178168 0.100419 0.0411841 0.163527 0.00848958 0.012122 0.0112911 0.0385315 
0.0614773 0.00654902 0.12611 0.530598 0.040372 0.135389 0.011156 0.00880516 0.00388766 0.0756564 
0.0550118 0.00599389 0.266012 0.587812 0.0202431 0.0434924 0.00323936 0.00300828 0.00409519 0.0110918 
0.042755 0.0103753 0.0945184 0.0222457 0.123547 0.639181 0.0124742 0.00852248 0.0137655 0.0326152 
0.0879454 0.0104652 0.410391 0.118581 0.039238 0.27512 0.00569856 0.00563604 0.0112156 0.0357089 
0.161739 0.0253627 0.0847616 0.0166482 0.0343936 0.612176 0.00980482 0.0110242 0.0152448 0.0288453 
0.177759 0.00716267 0.0680518 0.0458909 0.0393161 0.157578 0.0209994 0.0441339 0.0038562 0.435252 
0.0672657 0.0103485 0.0446095 0.0128599 0.0360043 0.759366 0.0120043 0.0120439 0.0152954 0.0302025 
0.0184601 0.000869226 0.00335264 0.00196007 0.00417555 0.016282 0.0741805 0.859157 0.000451662 0.0211115 
0.42749 0.0126103 0.0756822 0.0165007 0.0277001 0.375874 0.00827721 0.0141249 0.012854 0.0288868 
0.0786898 0.00415115 0.0382659 0.023572 0.0261869 0.179239 0.0289267 0.082825 0.00237726 0.535766 
0.021142 0.00112918 0.00348185 0.00175486 0.00980545 0.0249774 0.00504535 0.910017 0.000590181 0.022057 
0.0524332 0.0108653 0.0425223 0.0973565 0.575317 0.164178 0.0181245 0.00670562 0.0060373 0.0264604 
0.0842629 0.00958846 0.109091 0.116494 0.0724448 0.456339 0.0212137 0.0152483 0.00763028 0.107688 
0.0168458 0.000481997 0.00162793 0.000799474 0.00150915 0.00989923 0.00348656 0.94763 0.000249018 0.017471 
0.104202 0.0572586 0.739919 0.0220894 0.0119514 0.0366706 0.00147338 0.00173369 0.0133005 0.0114019 
0.0507098 0.00102102 0.00323313 0.00159273 0.00352633 0.0187047 0.0047051 0.894961 0.00054383 0.0210022 
0.0735779 0.00878887 0.699336 0.0729721 0.018202 0.0798946 0.00239001 0.00260651 0.00890574 0.0333261 
0.0663089 0.0138987 0.811878 0.0171726 0.0100335 0.0327519 0.000872867 0.00100004 0.0377624 0.00832148 
0.0363161 0.00700616 0.116359 0.0127948 0.0209402 0.729798 0.00883879 0.00829368 0.0126744 0.0469795 
0.0327245 0.00451268 0.0356557 0.00553174 0.00698086 0.0302695 0.00233806 0.00260227 0.8785 0.00088499 
0.0360134 0.00734924 0.0323442 0.0127843 0.022771 0.710783 0.0375709 0.0143023 0.00654894 0.119533 
0.0158535 0.000465887 0.00156985 0.000771448 0.00146623 0.00964026 0.00344533 0.949089 0.000239678 0.0174591 
0.511902 0.0100549 0.0588335 0.0272606 0.0401935 0.213816 0.0112396 0.0193757 0.0076569 0.0996677 
0.0967227 0.00540968 0.0499054 0.00724554 0.0092283 0.0328526 0.00273109 0.00390501 0.789691 0.00230845 
0.0141553 0.00115184 0.00641239 0.00533577 0.00616742 0.0185118 0.865338 0.0612609 0.000607102 0.0210593 
0.191486 0.0200472 0.105716 0.0706481 0.0502511 0.165015 0.0165948 0.0223218 0.00580899 0.352111 
0.016104 0.000471685 0.00160104 0.000787291 0.00148883 0.00978449 0.00348138 0.948233 0.000243014 0.0178057 
0.167707 0.0110017 0.0691841 0.0238981 0.074414 0.581423 0.0114796 0.0126709 0.0122279 0.0359941 
0.0538158 0.0233091 0.833077 0.0278226 0.00986313 0.0278295 0.000796591 0.000852806 0.01317 0.00946317 
0.0442599 0.622095 0.282785 0.0111561 0.00636202 0.01584 0.00176101 0.00170621 0.00863086 0.00540319 
0.0237549 0.00384912 0.0194198 0.0171134 0.448708 0.0304966 0.0194858 0.00697323 0.00121368 0.428986 
0.0163449 0.000476622 0.00164574 0.000817449 0.00152707 0.00983683 0.00352171 0.946126 0.000243796 0.0194596 
0.0742977 0.0119659 0.132225 0.0162443 0.0563465 0.647557 0.0103202 0.00763147 0.0154071 0.0280053 
0.0164501 0.000496444 0.0017666 0.000899487 0.00162334 0.0104713 0.0036605 0.943754 0.000255496 0.0206229 
0.154534 0.0013037 0.00441307 0.00228367 0.00359256 0.0160952 0.00487325 0.785891 0.000704505 0.0263094 
0.0448099 0.00816976 0.169936 0.0237925 0.0254576 0.667934 0.0068365 0.00684125 0.014095 0.032128 
0.332669 0.0115776 0.0478235 0.138322 0.168904 0.137121 0.0210191 0.0203148 0.00562531 0.116624 
0.0666675 0.016652 0.816672 0.0181667 0.0117615 0.0429069 0.000893483 0.000990396 0.0140937 0.0111962 
0.0162314 0.000473479 0.00160559 0.000790622 0.0014894 0.0097898 0.00347009 0.948328 0.000244391 0.017577 
0.483924 0.0100051 0.132248 0.0637942 0.0335644 0.134006 0.0132832 0.0276349 0.00712683 0.0944133 
0.117384 0.0140793 0.247385 0.0216499 0.0381812 0.502374 0.00623392 0.00684321 0.0157771 0.0300922 
0.016239 0.0004875 0.00166759 0.000830034 0.00156343 0.0101434 0.00393294 0.946912 0.000251941 0.0179724 
0.0861651 0.0110553 0.0421391 0.0302167 0.223097 0.261359 0.258619 0.0133566 0.00622294 0.067769 
0.0169276 0.000514786 0.00183816 0.000929256 0.00167998 0.0109359 0.0041349 0.942449 0.00026639 0.0203245 
0.0158868 0.000467036 0.00156975 0.000770328 0.00146659 0.00968932 0.00344042 0.949259 0.00024086 0.0172103 
0.0168466 0.000526276 0.00184586 0.000929404 0.0017284 0.0111328 0.00541825 0.941929 0.00027286 0.0193707 
0.0167715 0.000614425 0.00229886 0.00125339 0.00205867 0.0123118 0.0281721 0.918609 0.000323202 0.0175865 
0.0951968 0.015156 0.366267 0.0965312 0.0669895 0.296159 0.0140225 0.00651739 0.0129861 0.0301749 
0.0373809 0.0103997 0.0500171 0.0168275 0.278494 0.557564 0.00974812 0.00617674 0.0103542 0.0230376 
0.173395 0.034458 0.468143 0.0578413 0.0240091 0.188159 0.00516139 0.00602663 0.0151283 0.0276788 
0.0739099 0.0105549 0.817295 0.0194358 0.0115694 0.0381743 0.000867064 0.00102353 0.0132986 0.0138711 
0.0515815 0.00233219 0.0236046 0.0244556 0.0254535 0.0731941 0.0140311 0.0242941 0.0010297 0.760024 
0.0686257 0.00925341 0.767719 0.0451432 0.0180123 0.0625536 0.00139695 0.00145679 0.0117325 0.0141063 
0.316067 0.0165826 0.278896 0.0264664 0.0233175 0.268946 0.00635763 0.00909306 0.0133107 0.0409636 
0.0874994 0.0286235 0.720121 0.0184126 0.0121193 0.0407196 0.00162171 0.0019225 0.079898 0.00906242 
0.159657 0.0795371 0.187712 0.0749209 0.0383105 0.25974 0.0117899 0.0108413 0.159888 0.0176032 
0.0256206 0.00070846 0.00258202 0.00124829 0.00227617 0.0176043 0.00427128 0.922768 0.000396535 0.0225246 
0.0160369 0.000474764 0.00162073 0.000796355 0.00150024 0.00992672 0.00352068 0.94795 0.000245114 0.0179289 
0.737729 0.00857823 0.0342235 0.0164736 0.018509 0.0853916 0.00886305 0.0485479 0.00650709 0.0351773 
0.032748 0.00961657 0.0322722 0.0107075 0.0304296 0.802662 0.0172692 0.0132788 0.0158821 0.0351337 
0.0716098 0.0251194 0.765086 0.0204914 0.0140619 0.0727419 0.00146094 0.00155906 0.0153176 0.0125519 
0.128299 0.0884023 0.661301 0.0285053 0.0150044 0.0462681 0.00222372 0.00256159 0.0146074 0.0128267 
0.0763112 0.0115109 0.0317517 0.0202598 0.407057 0.383588 0.0138397 0.00919241 0.00776888 0.0387198 
0.0601469 0.0126272 0.0286703 0.0235363 0.711324 0.114849 0.0123114 0.00564639 0.00578909 0.0250992 
0.0443663 0.916092 0.00825001 0.00719961 0.00367653 0.00301266 0.00511699 0.00445513 0.00537983 0.00245041 
0.169881 0.0275957 0.25988 0.0198167 0.0275299 0.438116 0.00607913 0.00718379 0.0183229 0.0255946 
0.0185895 0.00762517 0.0160082 0.014254 0.721785 0.026611 0.176162 0.00319284 0.0027338 0.0130389 
0.0614653 0.0092062 0.105232 0.00778913 0.0087802 0.0234994 0.00191812 0.00234826 0.777945 0.00181621 
0.027506 0.000649793 0.00231381 0.00114692 0.00211581 0.0124033 0.00402809 0.927809 0.00034134 0.021686 
0.0556402 0.0100181 0.0598883 0.361849 0.187722 0.268633 0.0163555 0.00858303 0.00640891 0.024902 
0.217917 0.00241921 0.0171097 0.012909 0.0128394 0.0302186 0.0129953 0.148921 0.00101784 0.543653 
0.0652182 0.0112946 0.0429721 0.0153457 0.131375 0.656718 0.0162218 0.0106252 0.0102923 0.0399372 
0.14578 0.0100548 0.0711225 0.0370808 0.057689 0.521212 0.0136052 0.0207366 0.00836611 0.114353 
0.0166818 0.000481834 0.00162924 0.000799008 0.00151152 0.010012 0.0035203 0.947618 0.000249584 0.017497 
0.0397352 0.90788 0.00972276 0.00746417 0.00531162 0.00951018 0.00602323 0.00498879 0.00594509 0.00341935 
0.0161395 0.000475448 0.0016123 0.000791758 0.00149669 0.00988836 0.00353491 0.948267 0.000245519 0.0175485 
0.611958 0.00580159 0.0285972 0.0137487 0.0171836 0.0906493 0.0102223 0.119948 0.0040135 0.0978782 
0.0574368 0.0102922 0.0315053 0.0173653 0.334858 0.473937 0.0161531 0.00893969 0.0079151 0.0415977 
0.0510961 0.00906095 0.834594 0.0251316 0.0108106 0.0423317 0.000779052 0.000822212 0.0132904 0.012083 
0.0346521 0.0012095 0.00831198 0.011119 0.00773932 0.0232982 0.0106436 0.520641 0.000484625 0.3819 
0.0215331 0.000913063 0.0170525 0.0168062 0.0127799 0.0201083 0.0103058 0.0150955 0.00024904 0.885157 
0.0321901 0.00117975 0.0195175 0.0209063 0.0140119 0.0241811 0.0108511 0.0154596 0.000357879 0.861345 
0.0994951 0.0288233 0.733066 0.0197238 0.0139565 0.0578833 0.00170221 0.00196438 0.0320453 0.0113404 
0.0610662 0.014531 0.423395 0.0214601 0.154341 0.280915 0.00430468 0.00336224 0.0151941 0.0214296 
0.0370155 0.00107945 0.00674302 0.00619324 0.00582657 0.0197878 0.00790538 0.633324 0.00044652 0.281679 
0.197204 0.0146969 0.0423437 0.0487138 0.370529 0.239128 0.0170062 0.0128017 0.00804283 0.0495333 
0.0301386 0.00120864 0.0176411 0.0226877 0.0175431 0.0231386 0.0115333 0.0159977 0.000355614 0.859756 
0.0451421 0.00734617 0.0490284 0.00953131 0.091208 0.0322563 0.00382982 0.00290221 0.756222 0.0025337 
0.0510029 0.0132148 0.83487 0.0227633 0.0109917 0.0402157 0.000812482 0.000874023 0.0135639 0.0116907 
0.0718279 0.0103246 0.206481 0.150163 0.0453469 0.391343 0.0376596 0.0105563 0.00865853 0.0676401 
0.0312657 0.00194388 0.00833882 0.00472307 0.0082585 0.0739792 0.187735 0.648672 0.00122119 0.0338617 
0.0167453 0.00050528 0.00180995 0.000901267 0.0016509 0.0106852 0.00390127 0.942292 0.00025973 0.0212496 
0.0593438 0.0511247 0.7888 0.0339166 0.0111346 0.0314298 0.00118412 0.00123637 0.0120502 0.00978006 
0.0776196 0.00984434 0.709881 0.0173125 0.0142113 0.137247 0.00151865 0.00171416 0.0157686 0.0148823 
0.094582 0.0110224 0.0453855 0.0180718 0.0436832 0.718052 0.0129509 0.0121461 0.0126645 0.0314415 
0.078113 0.010849 0.226582 0.42653 0.0639684 0.152323 0.00665151 0.0057856 0.00736117 0.0218372 
0.0894354 0.0232832 0.0994031 0.0182779 0.117266 0.0582398 0.00524521 0.00474822 0.578246 0.00585521 
0.0164242 0.00049018 0.00170067 0.000835652 0.00157244 0.0102669 0.00370663 0.946109 0.00025379 0.0186403 
0.0180137 0.000545512 0.00216074 0.00114096 0.00194812 0.0113545 0.00416711 0.927041 0.000271464 0.033357 
0.0379756 0.00293011 0.024865 0.780209 0.0372893 0.0393188 0.0116326 0.009791 0.00102705 0.0549616 
0.0165429 0.000492811 0.00168405 0.000823321 0.00155688 0.0105496 0.00358442 0.946289 0.000256007 0.0182206 
0.0691713 0.011597 0.41235 0.015117 0.0184943 0.428882 0.00336328 0.00361757 0.0158694 0.0215382 
0.0912966 0.026312 0.310842 0.0242979 0.0530795 0.441032 0.00609129 0.00558273 0.0171837 0.0242821 
0.0255654 0.0184119 0.02699 0.0159924 0.860498 0.0270353 0.00639752 0.00235922 0.00720602 0.00954442 
0.0193776 0.000843079 0.00271979 0.00136361 0.00478014 0.0180133 0.00487072 0.926576 0.000434525 0.0210217 
0.0293615 0.00157497 0.0178764 0.0201914 0.0154378 0.0311424 0.264748 0.012055 0.000625861 0.606987 
0.679079 0.0101633 0.0746145 0.0262026 0.0258952 0.110656 0.00841938 0.0191453 0.00814154 0.0376828 
0.0515577 0.699771 0.205241 0.0116507 0.00580173 0.00950642 0.00185088 0.00185897 0.00802298 0.0047387 
0.025677 0.00205456 0.0198631 0.0164786 0.0323759 0.038086 0.0116464 0.0124894 0.000564857 0.840764 
0.426586 0.0174659 0.114034 0.0273668 0.0301396 0.189237 0.0125673 0.0195011 0.00886885 0.154233 
0.0117987 0.00143462 0.00938609 0.0094208 0.00697793 0.0212555 0.919501 0.00703799 0.000815953 0.0123711 
0.169711 0.00901793 0.0835076 0.0175597 0.0237208 0.619093 0.00924681 0.0126296 0.0129939 0.0425187 
0.0975392 0.682821 0.161067 0.0146797 0.00804419 0.0147221 0.00272184 0.00306262 0.00839741 0.00694574 
0.211352 0.00593473 0.0407932 0.0678878 0.0869207 0.0853614 0.0202566 0.022092 0.00272129 0.456681 
0.0125706 0.0016026 0.0099239 0.00910877 0.00775761 0.0342743 0.902252 0.00835891 0.000981016 0.0131704 
0.0407841 0.0189533 0.0379064 0.0128358 0.104863 0.725256 0.0119118 0.00875733 0.0153505 0.0233817 
0.0179276 0.000494027 0.00167598 0.000827261 0.00155114 0.0100096 0.00353895 0.945493 0.000254909 0.0182279 
0.0162957 0.00049551 0.00170705 0.000856872 0.00161514 0.0102341 0.00437735 0.945845 0.000255418 0.0183184 
0.0464241 0.0115169 0.0555582 0.0149279 0.127068 0.679823 0.0113464 0.00812416 0.011548 0.0336628 
0.0713655 0.0298577 0.773186 0.0187214 0.0171665 0.0603338 0.00137483 0.00144958 0.0146238 0.0119214 
0.0854112 0.00907009 0.684973 0.0530418 0.0181595 0.107514 0.00236515 0.00261095 0.0108449 0.0260096 
0.566794 0.00792687 0.0253939 0.0111198 0.0148207 0.10865 0.0105703 0.202547 0.00449121 0.0476859 
0.107742 0.00111527 0.00371971 0.00187488 0.00308103 0.0151222 0.00457091 0.839851 0.000602105 0.0223209 
0.0211616 0.000687583 0.0047744 0.00312211 0.00398693 0.014489 0.00597483 0.580251 0.000275617 0.365277 
0.19818 0.00851077 0.090678 0.0159767 0.0219923 0.565021 0.00963043 0.0349742 0.0104978 0.0445389 
0.0490307 0.0100558 0.0428172 0.0132195 0.0385306 0.77433 0.0154186 0.0117798 0.0134351 0.0313833 
0.0273064 0.00137364 0.00912377 0.00287191 0.00443828 0.0574532 0.00558824 0.858107 0.000998436 0.0327396 
0.122602 0.0093401 0.0410879 0.0338015 0.0727878 0.636359 0.0154185 0.0143922 0.00929069 0.0449204 
0.0857713 0.00969274 0.186675 0.127073 0.0525756 0.380754 0.0254711 0.0134993 0.00805651 0.110431 
0.0676318 0.842189 0.0499427 0.0109593 0.00556144 0.00656667 0.00323599 0.00323884 0.00666186 0.00401208 
0.0159919 0.000481207 0.00166331 0.000828646 0.00156747 0.00997835 0.00370745 0.945932 0.000245594 0.0196041 
0.0564228 0.012236 0.808199 0.0346821 0.0121676 0.0490917 0.00101075 0.00107294 0.0138353 0.0112824 
0.57287 0.012119 0.0736055 0.0259895 0.0408548 0.167833 0.0119335 0.0239723 0.00849521 0.0623271 
0.0413923 0.0162929 0.0582312 0.0209523 0.192919 0.514273 0.108422 0.00858316 0.00948836 0.0294464 
0.0340109 0.00137905 0.0201652 0.0267937 0.0181255 0.0277261 0.0114679 0.0146754 0.000434787 0.845221 
0.0170462 0.000489536 0.00167008 0.000818866 0.00153999 0.0101074 0.00363417 0.946512 0.000253452 0.0179283 
0.0569662 0.00240132 0.0140064 0.00905113 0.00992609 0.081207 0.0110009 0.663365 0.00132622 0.15075 
0.311985 0.0153895 0.393032 0.0434003 0.0434909 0.141335 0.0055308 0.00652721 0.0133 0.0260089 
0.430109 0.026767 0.0695633 0.0614009 0.0340124 0.295574 0.0135989 0.0190672 0.0120726 0.0378347 
0.10116 0.0116377 0.539914 0.056071 0.025807 0.220681 0.00368812 0.00385209 0.0146255 0.0225634 
0.0451707 0.0223527 0.0571627 0.0188244 0.627404 0.186611 0.00858564 0.00472428 0.00928381 0.0198806 
0.0315708 0.00480273 0.0998451 0.00827444 0.00769191 0.0428942 0.0019937 0.00269677 0.798344 0.00188646 
0.515749 0.0116333 0.124665 0.112426 0.0384912 0.124236 0.00844316 0.0136501 0.00848981 0.0422167 
0.563213 0.011973 0.0342786 0.050484 0.207553 0.0447324 0.0165321 0.0178415 0.00507962 0.0483129 
0.0173987 0.000498159 0.00171003 0.000836977 0.00156839 0.0103597 0.00363645 0.945435 0.000258494 0.0182982 
0.543169 0.0240577 0.232949 0.0225367 0.0223538 0.102859 0.00485589 0.00862113 0.0150316 0.0235659 
0.074357 0.00262273 0.0236936 0.0303147 0.046083 0.0347453 0.0172994 0.0150372 0.000917244 0.75493 
0.0493339 0.00649058 0.191444 0.448932 0.0278305 0.221918 0.00752104 0.00674011 0.00562696 0.0341628 
0.0269716 0.000867977 0.00318791 0.00176338 0.00313384 0.017995 0.00589429 0.908457 0.00043518 0.0312937 
0.0542271 0.0112051 0.032791 0.0160675 0.247903 0.573645 0.0121082 0.00907314 0.00911027 0.0338702 
0.0859804 0.018973 0.535423 0.0214557 0.0230208 0.272725 0.00313164 0.00329122 0.0174374 0.0185617 
0.0716715 0.204071 0.587372 0.0394959 0.0192176 0.0466301 0.00269284 0.00256103 0.0148861 0.0114021 
0.529649 0.0117281 0.200734 0.0200925 0.0208406 0.148835 0.00584968 0.0120584 0.0122619 0.0379517 
0.0165988 0.000495841 0.00177281 0.000902601 0.00166406 0.0101983 0.0039994 0.94133 0.000250586 0.022788 
0.264846 0.0120181 0.473776 0.0406148 0.0221554 0.140841 0.00365973 0.00516623 0.0128036 0.0241191 
0.0164091 0.000475668 0.0016023 0.000787869 0.00148999 0.00981808 0.00351782 0.948311 0.000245646 0.0173426 
0.0391663 0.0013983 0.00675352 0.00366188 0.00557153 0.0452665 0.00748538 0.835084 0.000823038 0.0547891 
0.10947 0.00201867 0.011434 0.00458471 0.00652656 0.0403914 0.00801775 0.752535 0.00120597 0.0638158 
0.0949632 0.00791268 0.0804992 0.0275882 0.0246753 0.660676 0.015932 0.0298905 0.00874589 0.0491167 
0.0327336 0.00145346 0.0217862 0.0441603 0.0152831 0.0290736 0.0148301 0.0183877 0.000494556 0.821797 
0.0178976 0.000553259 0.00212206 0.00108247 0.0019054 0.0121023 0.00400479 0.931069 0.000280808 0.0289821 
0.0157457 0.000465276 0.001563 0.000769717 0.00146482 0.00961778 0.00357469 0.949543 0.000239873 0.0170161 
0.266842 0.0150118 0.228429 0.0681805 0.0361256 0.261118 0.0102199 0.0178792 0.0103186 0.0858765 
0.0554001 0.00703227 0.0268648 0.0104263 0.0206909 0.599276 0.0971935 0.130117 0.00541911 0.0475804 
0.0272526 0.00116005 0.0120225 0.0109767 0.00926584 0.0339424 0.0100757 0.121053 0.0004565 0.773795 
0.0194458 0.000516467 0.00173994 0.000851151 0.00160072 0.0104347 0.00356956 0.943907 0.000269069 0.0176656 
0.183955 0.626701 0.122407 0.014117 0.0087392 0.0179746 0.00344076 0.00448151 0.00987536 0.00830903 
0.0444369 0.00883796 0.775674 0.0407235 0.0133551 0.0881736 0.00127494 0.00126011 0.0131689 0.013095 
0.0179021 0.000525579 0.00178984 0.00088234 0.00166221 0.01089 0.00373744 0.944242 0.000273742 0.0180948 
0.103128 0.00976035 0.0377823 0.0137176 0.0511526 0.712949 0.0122656 0.013125 0.0121866 0.0339327 
0.0806112 0.00827924 0.204891 0.43482 0.0333944 0.197712 0.00626117 0.00605058 0.00755337 0.0204277 
0.0162439 0.000477173 0.00161201 0.000789507 0.00150147 0.00987676 0.00349447 0.948316 0.000246113 0.0174425 
0.0447319 0.00654027 0.25417 0.0253007 0.0251152 0.419708 0.00798374 0.00751876 0.0071247 0.201806 
0.0177436 0.000546946 0.00203732 0.00104103 0.00185946 0.0119364 0.00401415 0.934105 0.00027897 0.0264367 
0.339702 0.0150502 0.195996 0.0245871 0.0275562 0.336166 0.00698993 0.00991609 0.014059 0.0299777 
0.753368 0.00831159 0.0314517 0.01683 0.0196587 0.052186 0.00914035 0.0453931 0.0052153 0.0584457 
0.0160562 0.000474172 0.00162522 0.000802846 0.0015063 0.009857 0.00352851 0.947418 0.000243676 0.0184878 
0.0250401 0.000722049 0.00406179 0.00239127 0.00338738 0.0147646 0.00550793 0.778308 0.000320539 0.165496 
0.0161064 0.000477993 0.00163681 0.000801514 0.00151091 0.00999258 0.00354039 0.94761 0.000246786 0.0180765 
0.0556909 0.00334007 0.0279164 0.0483942 0.0357893 0.0765049 0.298356 0.0195913 0.00156387 0.432853 
0.122253 0.00430924 0.0358368 0.0421253 0.0266813 0.087599 0.0140606 0.0390893 0.00182753 0.626218 
0.0157432 0.000465188 0.00156512 0.000771134 0.00146556 0.00961565 0.00357487 0.949411 0.000239656 0.0171491 
0.297705 0.0115037 0.0366286 0.0141058 0.0265089 0.540551 0.0115789 0.0188666 0.0132333 0.0293175 
0.0539152 0.0124431 0.767468 0.0183968 0.0270262 0.0895033 0.00136367 0.00131581 0.015732 0.0128359 
0.0724626 0.00742558 0.073318 0.110813 0.0514665 0.423103 0.0472663 0.0207616 0.00560639 0.187777 
0.736199 0.0112988 0.0859396 0.0192041 0.0178742 0.056444 0.0061656 0.0243574 0.00797769 0.0345398 
0.048788 0.00411926 0.0435051 0.785069 0.0452168 0.0442867 0.00887897 0.00734134 0.00186338 0.0109314 
0.0159785 0.000470483 0.00159669 0.000784853 0.00148215 0.00977818 0.00348669 0.948515 0.000242537 0.0176653 
0.044591 0.00879643 0.0784305 0.0198641 0.0366712 0.751511 0.00988567 0.00832095 0.014594 0.0273347 
0.046205 0.00868887 0.793982 0.0508949 0.0127814 0.0609581 0.0011167 0.00111992 0.0116346 0.0126182 
0.353854 0.0101072 0.0891542 0.0273977 0.0426247 0.259983 0.0127521 0.0180469 0.00818814 0.177892 
0.0158523 0.000464225 0.00156184 0.000766761 0.00145656 0.00959697 0.00343451 0.949374 0.000239114 0.0172541 
0.0715276 0.0145033 0.118608 0.0210701 0.056566 0.654144 0.00810611 0.00747473 0.0252603 0.0227402 
0.102092 0.00260573 0.0241491 0.0180045 0.0193205 0.056812 0.0171927 0.0522729 0.00114533 0.706405 
0.190659 0.00470517 0.0309692 0.414782 0.0485174 0.0443172 0.0139686 0.0214984 0.00176172 0.228822 
0.0787054 0.0479282 0.732118 0.0192383 0.0151086 0.0750435 0.00176547 0.00189759 0.0155031 0.0126923 
0.0563629 0.00900048 0.833694 0.0210326 0.0109249 0.0388595 0.000828651 0.00091681 0.0124034 0.0159766 
0.0221845 0.00128792 0.0177316 0.0169954 0.0285778 0.0266331 0.0114603 0.0128321 0.000379779 0.861917 
0.215277 0.026344 0.542079 0.0256274 0.0203125 0.12567 0.0031704 0.00414862 0.0187588 0.0186127 
0.0866396 0.00987355 0.48721 0.253953 0.0300538 0.0980779 0.00378649 0.00365855 0.00867227 0.0180754 
0.053783 0.00595068 0.0468176 0.278098 0.110468 0.0933285 0.118193 0.016224 0.00244513 0.274693 
0.0237919 0.0162608 0.0215981 0.0183761 0.843043 0.0473169 0.00774122 0.0029407 0.00507409 0.0138573 
0.0940247 0.012649 0.134302 0.0147212 0.0229308 0.503635 0.00651068 0.0070569 0.190945 0.0132254 
0.0161056 0.000482487 0.00164694 0.000820312 0.00153278 0.0099865 0.00408218 0.947593 0.000249425 0.0175007 
0.0267714 0.000630959 0.0022219 0.00108525 0.00195993 0.0120612 0.00388721 0.929957 0.000334817 0.0210901 
0.0469004 0.00914313 0.847238 0.0248046 0.0103224 0.0358356 0.000646587 0.000686308 0.0138124 0.0106105 
0.170726 0.0135808 0.379198 0.0371199 0.0292636 0.318735 0.00484961 0.00576221 0.0158025 0.0249617 
0.0489318 0.00884962 0.0422844 0.0146821 0.037792 0.774501 0.0123383 0.0107823 0.0234867 0.0263521 
0.0721294 0.0104605 0.106116 0.0154373 0.0473704 0.688165 0.00830522 0.00784094 0.0139914 0.0301838 
0.0416764 0.00917371 0.85515 0.0194545 0.00971673 0.0379646 0.000588094 0.000617132 0.0151678 0.0104905 
0.0180988 0.000555857 0.00197542 0.00101636 0.00184286 0.0112912 0.00650116 0.938624 0.000287379 0.019807 
0.123722 0.00723812 0.0456315 0.0193057 0.0286418 0.51264 0.0362875 0.140754 0.00636494 0.0794145 
0.162426 0.0155835 0.418687 0.0243402 0.0284595 0.296052 0.0044555 0.00518716 0.0208837 0.0239245 
0.36364 0.339907 0.0805286 0.0207099 0.0175514 0.0800428 0.00799559 0.0115831 0.064931 0.0131108 
0.0585894 0.0372778 0.219975 0.0274038 0.505659 0.111897 0.00600302 0.00358757 0.0123507 0.017257 
0.058515 0.0105303 0.829801 0.0178407 0.0123612 0.0429611 0.000749417 0.000817351 0.0157631 0.010661 
0.224283 0.0124154 0.388662 0.0375337 0.0271633 0.249651 0.00534483 0.0075803 0.0136532 0.0337126 
0.0621951 0.00703652 0.0282421 0.0196709 0.0329677 0.750641 0.0334983 0.0193665 0.0087444 0.0376377 
0.122704 0.0153877 0.254555 0.0420386 0.0593251 0.434175 0.00852808 0.00719111 0.0320126 0.0240828 
0.0268329 0.000935365 0.00424639 0.0021327 0.00339805 0.0263802 0.00543943 0.883252 0.000509844 0.0468731 
0.0581709 0.0134016 0.081226 0.0199781 0.0529292 0.714235 0.0102469 0.0085579 0.0132502 0.0280042 
0.0906393 0.048795 0.329078 0.0207799 0.031058 0.425362 0.00592904 0.00577377 0.0175325 0.025053 
0.289226 0.0117022 0.0635301 0.0220338 0.0464951 0.478063 0.0117791 0.0206616 0.0121444 0.0443645 
0.240345 0.029535 0.552476 0.0285159 0.0190378 0.0869697 0.00306564 0.00415346 0.0170298 0.018871 
0.0358856 0.0073435 0.0521883 0.0119335 0.0237709 0.790961 0.0113231 0.0119611 0.0174316 0.0372019 
0.622076 0.00990357 0.0847625 0.0658837 0.0291864 0.087281 0.00862305 0.0171228 0.00634874 0.0688121 
0.0425864 0.000771144 0.00277156 0.00146909 0.002444 0.0131613 0.00430772 0.904755 0.000397107 0.0273364 
0.1708 0.0146266 0.488296 0.126775 0.0352971 0.114984 0.00478631 0.00561317 0.0118268 0.0269951 
0.0698991 0.0140675 0.461704 0.0234311 0.0744202 0.310709 0.004042 0.00354685 0.0168043 0.0213759 
0.0218458 0.0109679 0.0194929 0.0151771 0.830357 0.0449237 0.0349809 0.00333398 0.00409015 0.0148309 
0.0171258 0.000567508 0.00193719 0.000970208 0.00181694 0.0124447 0.00519555 0.94108 0.000293837 0.0185687 
0.0190792 0.000668246 0.00259021 0.00142527 0.00328225 0.0127102 0.00659557 0.915354 0.000322269 0.0379726 
0.0158167 0.000478319 0.00160367 0.000791417 0.0015158 0.00983895 0.00384472 0.948777 0.000245609 0.017088 
0.468591 0.0067856 0.0389117 0.0655764 0.052167 0.0891371 0.014997 0.0227696 0.00353085 0.237534 
0.0302663 0.0199706 0.082679 0.0168835 0.789913 0.0348053 0.00430457 0.00206089 0.00943149 0.00968531 
0.0657349 0.0100596 0.542877 0.0451871 0.0248872 0.270793 0.00307945 0.00307347 0.0155158 0.0187919 
0.463638 0.0103417 0.0897671 0.0209098 0.0252432 0.306935 0.00901661 0.0181391 0.0167148 0.039294 
0.0156212 0.00132013 0.00947596 0.0150476 0.0084134 0.0210534 0.850307 0.0218354 0.000635728 0.0562906 
0.018163 0.000539015 0.00193663 0.000974845 0.00175533 0.0115359 0.00377652 0.940241 0.000280623 0.020797 
0.0238079 0.00102279 0.0178449 0.0187576 0.0136474 0.0224422 0.0112097 0.0150174 0.000292572 0.875958 
0.0178929 0.000503051 0.00171937 0.000840076 0.00157514 0.0103176 0.00355349 0.94533 0.000260951 0.0180069 
0.098213 0.00949892 0.723067 0.0273079 0.0153686 0.0759741 0.00211818 0.00245065 0.0101323 0.0358693 
0.0593697 0.00910007 0.817459 0.0338745 0.0114136 0.0421961 0.000885277 0.000966663 0.0131695 0.0115656 
0.0467846 0.00891813 0.0506697 0.0165414 0.0566329 0.549591 0.224525 0.00954541 0.00801027 0.0287825 
0.0930749 0.0022954 0.012629 0.00806605 0.00876197 0.0530114 0.0150231 0.694033 0.00128158 0.111823 
0.0955215 0.0181216 0.16668 0.162406 0.210878 0.281098 0.0167754 0.00819372 0.013371 0.026956 
0.301798 0.0131951 0.280419 0.021966 0.0243145 0.299166 0.00574363 0.00815386 0.0143828 0.0308613 
0.0674544 0.00889456 0.0723249 0.0403717 0.0397307 0.705349 0.0114846 0.0102967 0.0124966 0.0315965 
0.175697 0.0493185 0.554176 0.0788073 0.0359563 0.0653753 0.00371309 0.00410837 0.0161056 0.0167425 
0.379548 0.0117498 0.0645323 0.0157343 0.0369657 0.423637 0.00896463 0.0142382 0.014908 0.0297227 
0.0481653 0.0198664 0.838377 0.0202091 0.010033 0.0318561 0.00091847 0.000997305 0.0148608 0.0147168 
0.232763 0.0135436 0.340209 0.0340644 0.0250758 0.101894 0.00445822 0.00588145 0.229819 0.0122921 
0.0224314 0.0115732 0.0236925 0.017229 0.777754 0.0384703 0.0897829 0.00328424 0.00409755 0.0116845 
0.0918708 0.00899151 0.0366686 0.142636 0.462481 0.0589882 0.0298312 0.0126345 0.00321022 0.152688 
0.0496464 0.00899622 0.541231 0.0178373 0.0177321 0.320057 0.002869 0.00307553 0.0164346 0.0221207 
0.133815 0.0112367 0.152068 0.0497306 0.0484408 0.54276 0.00866519 0.0089568 0.0137824 0.0305446 
0.211501 0.00253821 0.0237861 0.0185647 0.0161608 0.029623 0.0095369 0.0231171 0.000975981 0.664196 
0.0362079 0.00907167 0.0516587 0.012539 0.0465281 0.771665 0.0200117 0.00924629 0.0134115 0.0296598 
0.097743 0.0102045 0.703966 0.060258 0.0163838 0.0795346 0.00203774 0.0022079 0.0113808 0.0162834 
0.0649958 0.00844071 0.284243 0.392293 0.0293259 0.176923 0.00855056 0.00549329 0.00840575 0.0213282 
0.0496211 0.00865421 0.562571 0.0192252 0.0181934 0.283984 0.00321862 0.00414503 0.0197224 0.0306655 
0.685747 0.0106324 0.105856 0.0200634 0.0211466 0.0923455 0.00621094 0.0164093 0.00916331 0.0324261 
0.0817887 0.0010737 0.00357008 0.00176337 0.00291038 0.0155312 0.00452945 0.865737 0.000565458 0.0225302 
0.363946 0.070785 0.412666 0.0235719 0.0168604 0.0528384 0.00358879 0.00538376 0.0352735 0.0150863 
0.0314249 0.0549427 0.0362907 0.0261909 0.791777 0.0328074 0.00733373 0.00295476 0.00648174 0.00979637 
0.0167988 0.000558986 0.00196148 0.000997629 0.00187766 0.0121112 0.00793167 0.93975 0.000295452 0.017717 
0.0166609 0.000480527 0.00163081 0.000801881 0.00151076 0.00991455 0.00350246 0.9473 0.000247684 0.0179505 
0.016477 0.000487581 0.00174931 0.000882026 0.00161478 0.0101048 0.00368026 0.941524 0.000246363 0.0232341 
0.518411 0.00902543 0.153113 0.0274318 0.0257736 0.0634548 0.00703704 0.0145893 0.00577162 0.175392 
0.0161026 0.000493635 0.00173588 0.000870801 0.00166293 0.0101605 0.00399732 0.943705 0.000251359 0.0210198 
0.114107 0.0420316 0.696125 0.0228742 0.0145618 0.0574361 0.00221449 0.00291816 0.0341616 0.0135695 
0.579754 0.0109396 0.141857 0.0292136 0.0232914 0.149633 0.00666317 0.0133658 0.0105846 0.0346987 
0.120489 0.00458218 0.046447 0.0740463 0.0336678 0.0836108 0.0124527 0.0204216 0.00202722 0.602255 
0.0572431 0.00731567 0.758829 0.0436814 0.0155262 0.0584348 0.00194547 0.00209386 0.00774144 0.0471892 
0.146532 0.0145581 0.183546 0.0206202 0.563581 0.0364239 0.00411234 0.00337127 0.00988225 0.0173727 
0.0793152 0.00349809 0.0385753 0.0423238 0.0254522 0.125536 0.0124363 0.019699 0.00182215 0.651342 
0.0401643 0.0129014 0.0373228 0.0159446 0.381594 0.463596 0.00967327 0.00629096 0.00907169 0.0234411 
0.0513049 0.00131473 0.00671244 0.00477629 0.00572926 0.0268936 0.0113475 0.776105 0.000639484 0.115177 
0.0657183 0.0164013 0.714647 0.0178844 0.0176535 0.132825 0.00174817 0.00184637 0.0160736 0.0152023 
0.0160126 0.000474061 0.0016186 0.000796451 0.00150105 0.00987892 0.00351835 0.94791 0.000244276 0.0180459 
0.0696733 0.257616 0.580447 0.0322927 0.0116423 0.0239301 0.00188726 0.00193026 0.0117244 0.0088566 
0.0296609 0.00405406 0.0320914 0.00505424 0.00906287 0.014833 0.00212138 0.00238119 0.89967 0.00107097 
0.024773 0.0012132 0.0232233 0.0293422 0.014469 0.0298456 0.00963479 0.0131854 0.000396705 0.853917 
0.0324091 0.000874259 0.00283481 0.00191896 0.00317616 0.0144578 0.00467724 0.917913 0.0004255 0.0213128 
0.0160738 0.000480889 0.00162124 0.000800794 0.001518 0.0100553 0.00404614 0.948074 0.000249079 0.0170808 
0.019679 0.00054642 0.00184502 0.000913541 0.0016993 0.0108194 0.00420574 0.942102 0.000281797 0.0179074 
0.0380919 0.00355128 0.0687887 0.743451 0.0274262 0.0574088 0.00760489 0.00677708 0.00176499 0.0451352 
0.0468733 0.00233903 0.0190678 0.0253858 0.0208604 0.0479847 0.044794 0.156295 0.000957647 0.635442 
0.0687438 0.014802 0.827437 0.0187939 0.0102855 0.0305685 0.000858872 0.00101384 0.0125497 0.014947 
0.0498197 0.00593594 0.227099 0.644502 0.0204075 0.0332728 0.00316859 0.00297149 0.00323666 0.00958662 
0.0334575 0.000659635 0.00223252 0.0010998 0.00198205 0.0117629 0.00393371 0.925199 0.00034698 0.0193257 
0.0587135 0.893808 0.0117791 0.00814246 0.00437173 0.00438584 0.00493286 0.00460321 0.00627531 0.00298772 
0.0366341 0.00924848 0.0418153 0.0179831 0.277126 0.541273 0.0134061 0.00826664 0.00800276 0.0462445 
0.0560693 0.0133381 0.774159 0.0203497 0.0301181 0.0710886 0.00144952 0.00134725 0.0204111 0.0116691 
0.119854 0.0154594 0.310335 0.16528 0.0882767 0.224355 0.008621 0.00839918 0.0110863 0.0483336 
0.0245345 0.00126836 0.020626 0.047439 0.0167329 0.0278086 0.0122186 0.0133276 0.00039359 0.835651 
0.150344 0.0937337 0.384132 0.0231812 0.0275285 0.265657 0.00547007 0.00605944 0.0222977 0.0215966 
0.01675 0.000503087 0.00175971 0.000876459 0.00161328 0.0105731 0.00410451 0.944805 0.000261283 0.0187533 
0.365813 0.0107474 0.15445 0.0279033 0.0258423 0.329017 0.0091334 0.0131556 0.011145 0.0527933 
0.0232515 0.000851062 0.00397548 0.00213062 0.00327198 0.0231236 0.00651019 0.8824 0.000451166 0.0540341 
0.0158417 0.000466621 0.0015712 0.000773112 0.00146836 0.00968649 0.00347449 0.949153 0.000240501 0.0173242 
0.0170718 0.000515916 0.00186076 0.000936445 0.00171472 0.0112397 0.00377144 0.938503 0.000263582 0.0241227 
0.0667932 0.022319 0.0600974 0.0137972 0.03305 0.741486 0.0103909 0.01006 0.0150347 0.0269718 
0.0479352 0.00900044 0.83143 0.0275962 0.0109845 0.0467332 0.000810537 0.000826539 0.0133698 0.0113133 
0.025279 0.00108535 0.0173658 0.0171081 0.0128248 0.0257369 0.0118619 0.0197018 0.000338514 0.868698 
0.0201416 0.000648836 0.00257058 0.00143703 0.00245833 0.0128838 0.00942572 0.919078 0.000326789 0.0310292 
0.123307 0.0103962 0.677005 0.0318137 0.0180076 0.103762 0.0020962 0.00249468 0.0132771 0.0178407 
0.0157687 0.000472329 0.00160052 0.000793657 0.00149472 0.00973987 0.00405377 0.948704 0.000243786 0.017129 
0.0202624 0.000586332 0.00237079 0.00139808 0.00215093 0.0118755 0.00429854 0.917775 0.000286212 0.0389962 
0.334554 0.00472181 0.0259574 0.0111024 0.0133235 0.0812275 0.0106687 0.421458 0.00281278 0.0941745 
0.222022 0.00520564 0.0336713 0.113957 0.0588562 0.0542764 0.0181298 0.0329337 0.00201032 0.458938 
0.400767 0.0812842 0.153985 0.023879 0.0249203 0.247553 0.00844835 0.0127398 0.0176132 0.0288093 
0.0559284 0.0102497 0.0572574 0.0141984 0.0621979 0.64786 0.0127115 0.0345683 0.0738415 0.0311867 
0.583411 0.0105205 0.179098 0.0384052 0.0223309 0.104126 0.006172 0.011418 0.00948062 0.0350383 
